0.0   ,-8.582908837795378
1.0   ,-8.600174179029114
2.0   ,-8.617135657189314
3.0   ,-8.633794266901964
4.0   ,-8.650151002793045
5.0   ,-8.666206859488542
6.0   ,-8.68196283161444
7.0   ,-8.69741991379672
8.0   ,-8.712579100661367
9.0   ,-8.727441386834366
10.0  ,-8.7420077669417
11.0  ,-8.756279235609352
12.0  ,-8.770256787463307
13.0  ,-8.783941417129547
14.0  ,-8.797334119234057
15.0  ,-8.81043588840282
16.0  ,-8.82324771926182
17.0  ,-8.835770606437041
18.0  ,-8.848005544554466
19.0  ,-8.85995352824008
20.0  ,-8.871615552119867
21.0  ,-8.882992610819809
22.0  ,-8.89408569896589
23.0  ,-8.904895811184094
24.0  ,-8.915423942100407
25.0  ,-8.925671086340808
26.0  ,-8.935638238531286
27.0  ,-8.94532639329782
28.0  ,-8.954736545266398
29.0  ,-8.963869689063
30.0  ,-8.972726819313612
31.0  ,-8.981308930644218
32.0  ,-8.9896170176808
33.0  ,-8.997652075049343
34.0  ,-9.00541509737583
35.0  ,-9.012907079286245
36.0  ,-9.020129015406573
37.0  ,-9.027081900362795
38.0  ,-9.033766728780897
39.0  ,-9.040184495286862
40.0  ,-9.046336194506672
41.0  ,-9.052222821066316
42.0  ,-9.057845369591773
43.0  ,-9.063204834709026
44.0  ,-9.068302211044063
45.0  ,-9.073138493222864
46.0  ,-9.077714675871416
47.0  ,-9.082031753615698
48.0  ,-9.0860907210817
49.0  ,-9.0898925728954
50.0  ,-9.093438303682785
51.0  ,-9.096728908069839
52.0  ,-9.099765380682543
53.0  ,-9.102548716146883
54.0  ,-9.105079909088841
55.0  ,-9.107359954134402
56.0  ,-9.10938984590955
57.0  ,-9.11117057904027
58.0  ,-9.112703148152542
59.0  ,-9.113988547872353
60.0  ,-9.115027772825684
61.0  ,-9.11582181763852
62.0  ,-9.116371676936847
63.0  ,-9.116678345346646
64.0  ,-9.1167428174939
65.0  ,-9.116566088004596
66.0  ,-9.116149151503645
67.0  ,-8.912835523923267
68.0  ,-9.115638970197963
69.0  ,-8.912299833552302
70.0  ,-9.115077770761713
71.0  ,-8.911713125050769
72.0  ,-9.114465553194895
73.0  ,-8.911075398418665
74.0  ,-9.11380231749751
75.0  ,-8.910386653655996
76.0  ,-9.113088063669556
77.0  ,-8.909646890762758
78.0  ,-9.112322791711033
79.0  ,-8.908856109738952
80.0  ,-9.111506501621944
81.0  ,-8.908014310584578
82.0  ,-9.110639193402285
83.0  ,-8.907121493299636
84.0  ,-9.109720867052058
85.0  ,-8.906177657884124
86.0  ,-9.108751522571264
87.0  ,-8.905182804338045
88.0  ,-9.1077311599599
89.0  ,-8.904136932661398
90.0  ,-9.10665977921797
91.0  ,-8.903040042854183
92.0  ,-9.10553738034547
93.0  ,-8.9018921349164
94.0  ,-9.104363963342402
95.0  ,-8.900693208848049
96.0  ,-9.103139528208768
97.0  ,-8.899443264649129
98.0  ,-9.101864074944563
99.0  ,-8.898142302319641
100.0 ,-9.100537603549792
101.0 ,-8.896790321859585
102.0 ,-9.099160114024453
103.0 ,-8.895387323268961
104.0 ,-9.097731606368544
105.0 ,-8.893933306547769
106.0 ,-9.096252080582069
107.0 ,-8.89242827169601
108.0 ,-9.094721536665023
109.0 ,-8.890872218713682
110.0 ,-9.093139974617412
111.0 ,-8.889265147600785
112.0 ,-9.091507394439232
113.0 ,-8.88760705835732
114.0 ,-9.101532457095871
115.0 ,-8.898467542902013
116.0 ,-9.101532457095871
117.0 ,-8.898467542902013
118.0 ,-9.101532457095871
119.0 ,-8.898467542902013
120.0 ,-9.101532457095871
121.0 ,-8.898467542902013
122.0 ,-9.101532457095871
123.0 ,-8.898467542902013
124.0 ,-9.101532457095871
125.0 ,-8.898467542902013
126.0 ,-9.101532457095871
127.0 ,-8.898467542902013
128.0 ,-9.101532457095871
129.0 ,-8.898467542902013
130.0 ,-9.101532457095871
131.0 ,-8.898467542902013
132.0 ,-9.101532457095871
133.0 ,-8.898467542902013
134.0 ,-9.101532457095871
135.0 ,-8.898467542902013
136.0 ,-9.101532457095871
137.0 ,-8.898467542902013
138.0 ,-9.101532457095871
139.0 ,-8.898467542902013
140.0 ,-9.101532457095871
141.0 ,-8.898467542902013
142.0 ,-9.101532457095871
143.0 ,-8.898467542902013
144.0 ,-9.101532457095871
145.0 ,-8.898467542902013
146.0 ,-9.101532457095871
147.0 ,-8.898467542902013
148.0 ,-9.101532457095871
149.0 ,-8.898467542902013
150.0 ,-9.101532457095871
151.0 ,-8.898467542902013
152.0 ,-9.101532457095871
153.0 ,-8.898467542902013
154.0 ,-9.101532457095871
155.0 ,-8.898467542902013
156.0 ,-9.101532457095871
157.0 ,-8.898467542902013
158.0 ,-9.101532457095871
159.0 ,-8.898467542902013
160.0 ,-9.101532457095871
161.0 ,-8.898467542902013
162.0 ,-9.101532457095871
163.0 ,-8.898467542902013
164.0 ,-9.101532457095871
165.0 ,-8.898467542902013
166.0 ,-9.101532457095871
167.0 ,-8.898467542902013
168.0 ,-9.101532457095871
169.0 ,-8.898467542902013
170.0 ,-9.101532457095871
171.0 ,-8.898467542902013
172.0 ,-9.101532457095871
173.0 ,-8.898467542902013
174.0 ,-9.101532457095871
175.0 ,-8.898467542902013
176.0 ,-9.101532457095871
177.0 ,-8.898467542902013
178.0 ,-9.101532457095871
179.0 ,-8.898467542902013
180.0 ,-9.101532457095871
181.0 ,-8.898467542902013
182.0 ,-9.101532457095871
183.0 ,-8.898467542902013
184.0 ,-9.101532457095871
185.0 ,-8.898467542902013
186.0 ,-9.101532457095871
187.0 ,-8.898467542902013
188.0 ,-9.101532457095871
189.0 ,-8.898467542902013
190.0 ,-9.101532457095871
191.0 ,-8.898467542902013
192.0 ,-9.101532457095871
193.0 ,-8.898467542902013
194.0 ,-9.101532457095871
195.0 ,-8.898467542902013
196.0 ,-9.101532457095871
197.0 ,-8.898467542902013
198.0 ,-9.101532457095871
199.0 ,-8.898467542902013
200.0 ,-9.101532457095871
201.0 ,-8.898467542902013
202.0 ,-9.101532457095871
203.0 ,-8.898467542902013
204.0 ,-9.101532457095871
205.0 ,-8.898467542902013
206.0 ,-9.101532457095871
207.0 ,-8.898467542902013
208.0 ,-9.101532457095871
209.0 ,-8.898467542902013
210.0 ,-9.101532457095871
211.0 ,-8.898467542902013
212.0 ,-9.101532457095871
213.0 ,-8.898467542902013
214.0 ,-9.101532457095871
215.0 ,-8.898467542902013
216.0 ,-9.101532457095871
217.0 ,-8.898467542902013
218.0 ,-9.101532457095871
219.0 ,-8.898467542902013
220.0 ,-9.101532457095871
221.0 ,-8.898467542902013
222.0 ,-9.101532457095871
223.0 ,-8.898467542902013
224.0 ,-9.101532457095871
225.0 ,-8.898467542902013
226.0 ,-9.101532457095871
227.0 ,-8.898467542902013
228.0 ,-9.101532457095871
229.0 ,-8.898467542902013
230.0 ,-9.101532457095871
231.0 ,-8.898467542902013
232.0 ,-9.101532457095871
233.0 ,-8.898467542902013
234.0 ,-9.101532457095871
235.0 ,-8.898467542902013
236.0 ,-9.101532457095871
237.0 ,-8.898467542902013
238.0 ,-9.101532457095871
239.0 ,-8.898467542902013
240.0 ,-9.101532457095871
241.0 ,-8.898467542902013
242.0 ,-9.101532457095871
243.0 ,-8.898467542902013
244.0 ,-9.101532457095871
245.0 ,-8.898467542902013
246.0 ,-9.101532457095871
247.0 ,-8.898467542902013
248.0 ,-9.101532457095871
249.0 ,-8.898467542902013
250.0 ,-9.101532457095871
251.0 ,-8.898467542902013
252.0 ,-9.101532457095871
253.0 ,-8.898467542902013
254.0 ,-9.101532457095871
255.0 ,-8.898467542902013
256.0 ,-9.101532457095871
257.0 ,-8.898467542902013
258.0 ,-9.101532457095871
259.0 ,-8.898467542902013
260.0 ,-9.101532457095871
261.0 ,-8.898467542902013
262.0 ,-9.101532457095871
263.0 ,-8.898467542902013
264.0 ,-9.101532457095871
265.0 ,-8.898467542902013
266.0 ,-9.101532457095871
267.0 ,-8.898467542902013
268.0 ,-9.101532457095871
269.0 ,-8.898467542902013
270.0 ,-9.101532457095871
271.0 ,-8.898467542902013
272.0 ,-9.101532457095871
273.0 ,-8.898467542902013
274.0 ,-9.101532457095871
275.0 ,-8.898467542902013
276.0 ,-9.101532457095871
277.0 ,-8.898467542902013
278.0 ,-9.101532457095871
279.0 ,-8.898467542902013
280.0 ,-9.101532457095871
281.0 ,-8.88760705835732
282.0 ,-9.091507394439232
283.0 ,-8.889265147600785
284.0 ,-9.093139974617412
285.0 ,-8.890872218713682
286.0 ,-9.094721536665023
287.0 ,-8.89242827169601
288.0 ,-9.096252080582069
289.0 ,-8.893933306547769
290.0 ,-9.097731606368544
291.0 ,-8.895387323268961
292.0 ,-9.099160114024453
293.0 ,-8.896790321859585
294.0 ,-9.100537603549792
295.0 ,-8.898142302319641
296.0 ,-9.101864074944563
297.0 ,-8.899443264649129
298.0 ,-9.103139528208768
299.0 ,-8.900693208848049
300.0 ,-9.104363963342402
301.0 ,-8.9018921349164
302.0 ,-9.10553738034547
303.0 ,-8.903040042854183
304.0 ,-9.10665977921797
305.0 ,-8.904136932661398
306.0 ,-9.1077311599599
307.0 ,-8.905182804338045
308.0 ,-9.108751522571264
309.0 ,-8.906177657884124
310.0 ,-9.109720867052058
311.0 ,-8.907121493299636
312.0 ,-9.110639193402285
313.0 ,-8.908014310584578
314.0 ,-9.111506501621944
315.0 ,-8.908856109738952
316.0 ,-9.112322791711033
317.0 ,-8.909646890762758
318.0 ,-9.113088063669556
319.0 ,-8.910386653655996
320.0 ,-9.11380231749751
321.0 ,-8.911075398418665
322.0 ,-9.114465553194895
323.0 ,-8.911713125050769
324.0 ,-9.115077770761713
325.0 ,-8.912299833552302
326.0 ,-9.115638970197963
327.0 ,-8.912835523923267
328.0 ,-9.116149151503645
329.0 ,-8.913320196163665
330.0 ,-9.116608314678759
331.0 ,-8.913753850273494
332.0 ,-9.117016459723303
333.0 ,-8.914136486252756
334.0 ,-9.117373586637282
335.0 ,-8.914468104101449
336.0 ,-9.117679695420689
337.0 ,-8.914748703819573
338.0 ,-9.11793478607353
339.0 ,-8.91497828540713
340.0 ,-9.118138858595803
341.0 ,-8.915156848864118
342.0 ,-9.118291912987507
343.0 ,-8.915284394190538
344.0 ,-9.118393949248643
345.0 ,-8.915360921386391
346.0 ,-9.11844496737921
347.0 ,-8.915386430451674
348.0 ,-9.11844496737921
349.0 ,-8.915360921386391
350.0 ,-9.118393949248643
351.0 ,-8.915284394190538
352.0 ,-9.118291912987507
353.0 ,-8.915156848864118
354.0 ,-9.118138858595803
355.0 ,-8.91497828540713
356.0 ,-9.11793478607353
357.0 ,-8.914748703819573
358.0 ,-9.117679695420689
359.0 ,-8.914468104101449
360.0 ,-9.117373586637282
361.0 ,-8.914136486252756
362.0 ,-9.117016459723303
363.0 ,-8.913753850273494
364.0 ,-9.116608314678759
365.0 ,-8.913320196163665
366.0 ,-9.116149151503645
367.0 ,-8.912835523923267
368.0 ,-9.115638970197963
369.0 ,-8.912299833552302
370.0 ,-9.115077770761713
371.0 ,-8.911713125050769
372.0 ,-9.114465553194895
373.0 ,-8.911075398418665
374.0 ,-9.11380231749751
375.0 ,-8.910386653655996
376.0 ,-9.113088063669556
377.0 ,-8.909646890762758
378.0 ,-9.112322791711033
379.0 ,-8.908856109738952
380.0 ,-9.111506501621944
381.0 ,-8.908014310584578
382.0 ,-9.110639193402285
383.0 ,-8.907121493299636
384.0 ,-9.109720867052058
385.0 ,-8.906177657884124
386.0 ,-9.108751522571264
387.0 ,-8.905182804338045
388.0 ,-9.1077311599599
389.0 ,-8.904136932661398
390.0 ,-9.10665977921797
391.0 ,-8.903040042854183
392.0 ,-9.10553738034547
393.0 ,-8.9018921349164
394.0 ,-9.104363963342402
395.0 ,-8.900693208848049
396.0 ,-9.103139528208768
397.0 ,-8.899443264649129
398.0 ,-9.101864074944563
399.0 ,-8.898142302319641
400.0 ,-9.100537603549792
401.0 ,-8.896790321859585
402.0 ,-9.099160114024453
403.0 ,-8.895387323268961
404.0 ,-9.097731606368544
405.0 ,-8.893933306547769
406.0 ,-9.096252080582069
407.0 ,-8.89242827169601
408.0 ,-9.094721536665023
409.0 ,-8.890872218713682
410.0 ,-9.093139974617412
411.0 ,-8.889265147600785
412.0 ,-9.091507394439232
413.0 ,-8.88760705835732
414.0 ,-9.101532457095871
415.0 ,-8.898467542902013
416.0 ,-9.101532457095871
417.0 ,-8.898467542902013
418.0 ,-9.101532457095871
419.0 ,-8.898467542902013
420.0 ,-9.101532457095871
421.0 ,-8.898467542902013
422.0 ,-9.101532457095871
423.0 ,-8.898467542902013
424.0 ,-9.101532457095871
425.0 ,-8.898467542902013
426.0 ,-9.101532457095871
427.0 ,-8.898467542902013
428.0 ,-9.101532457095871
429.0 ,-8.898467542902013
430.0 ,-9.101532457095871
431.0 ,-8.898467542902013
432.0 ,-9.101532457095871
433.0 ,-8.898467542902013
434.0 ,-9.101532457095871
435.0 ,-8.898467542902013
436.0 ,-9.101532457095871
437.0 ,-8.898467542902013
438.0 ,-9.101532457095871
439.0 ,-8.898467542902013
440.0 ,-9.101532457095871
441.0 ,-8.898467542902013
442.0 ,-9.101532457095871
443.0 ,-8.898467542902013
444.0 ,-9.101532457095871
445.0 ,-8.898467542902013
446.0 ,-9.101532457095871
447.0 ,-8.898467542902013
448.0 ,-9.101532457095871
449.0 ,-8.898467542902013
450.0 ,-9.101532457095871
451.0 ,-8.898467542902013
452.0 ,-9.101532457095871
453.0 ,-8.898467542902013
454.0 ,-9.101532457095871
455.0 ,-8.898467542902013
456.0 ,-9.101532457095871
457.0 ,-8.898467542902013
458.0 ,-9.101532457095871
459.0 ,-8.898467542902013
460.0 ,-9.101532457095871
461.0 ,-8.898467542902013
462.0 ,-9.101532457095871
463.0 ,-8.898467542902013
464.0 ,-9.101532457095871
465.0 ,-8.898467542902013
466.0 ,-9.101532457095871
467.0 ,-8.898467542902013
468.0 ,-9.101532457095871
469.0 ,-8.898467542902013
470.0 ,-9.101532457095871
471.0 ,-8.898467542902013
472.0 ,-9.101532457095871
473.0 ,-8.898467542902013
474.0 ,-9.101532457095871
475.0 ,-8.898467542902013
476.0 ,-9.101532457095871
477.0 ,-8.898467542902013
478.0 ,-9.101532457095871
479.0 ,-8.898467542902013
480.0 ,-9.101532457095871
481.0 ,-8.898467542902013
482.0 ,-9.101532457095871
483.0 ,-8.898467542902013
484.0 ,-9.101532457095871
485.0 ,-8.898467542902013
486.0 ,-9.101532457095871
487.0 ,-8.898467542902013
488.0 ,-9.101532457095871
489.0 ,-8.898467542902013
490.0 ,-9.101532457095871
491.0 ,-8.898467542902013
492.0 ,-9.101532457095871
493.0 ,-8.898467542902013
494.0 ,-9.101532457095871
495.0 ,-8.898467542902013
496.0 ,-9.101532457095871
497.0 ,-8.898467542902013
498.0 ,-9.101532457095871
499.0 ,-8.898467542902013
500.0 ,-9.101532457095871
501.0 ,-8.898467542902013
502.0 ,-9.101532457095871
503.0 ,-8.898467542902013
504.0 ,-9.101532457095871
505.0 ,-8.898467542902013
506.0 ,-9.101532457095871
507.0 ,-8.898467542902013
508.0 ,-9.101532457095871
509.0 ,-8.898467542902013
510.0 ,-9.101532457095871
511.0 ,-8.898467542902013
512.0 ,-9.101532457095871
513.0 ,-8.898467542902013
514.0 ,-9.101532457095871
515.0 ,-8.898467542902013
516.0 ,-9.101532457095871
517.0 ,-8.898467542902013
518.0 ,-9.101532457095871
519.0 ,-8.898467542902013
520.0 ,-9.101532457095871
521.0 ,-8.898467542902013
522.0 ,-9.101532457095871
523.0 ,-8.898467542902013
524.0 ,-9.101532457095871
525.0 ,-8.898467542902013
526.0 ,-9.101532457095871
527.0 ,-8.898467542902013
528.0 ,-9.101532457095871
529.0 ,-8.898467542902013
530.0 ,-9.101532457095871
531.0 ,-8.898467542902013
532.0 ,-9.101532457095871
533.0 ,-8.898467542902013
534.0 ,-9.101532457095871
535.0 ,-8.898467542902013
536.0 ,-9.101532457095871
537.0 ,-8.898467542902013
538.0 ,-9.101532457095871
539.0 ,-8.898467542902013
540.0 ,-9.101532457095871
541.0 ,-8.898467542902013
542.0 ,-9.101532457095871
543.0 ,-8.898467542902013
544.0 ,-9.101532457095871
545.0 ,-8.898467542902013
546.0 ,-9.101532457095871
547.0 ,-8.898467542902013
548.0 ,-9.101532457095871
549.0 ,-8.898467542902013
550.0 ,-9.101532457095871
551.0 ,-8.898467542902013
552.0 ,-9.101532457095871
553.0 ,-8.898467542902013
554.0 ,-9.101532457095871
555.0 ,-8.898467542902013
556.0 ,-9.101532457095871
557.0 ,-8.898467542902013
558.0 ,-9.101532457095871
559.0 ,-8.898467542902013
560.0 ,-9.101532457095871
561.0 ,-8.898467542902013
562.0 ,-9.101532457095871
563.0 ,-8.898467542902013
564.0 ,-9.101532457095871
565.0 ,-8.898467542902013
566.0 ,-9.101532457095871
567.0 ,-8.898467542902013
568.0 ,-9.101532457095871
569.0 ,-8.898467542902013
570.0 ,-9.101532457095871
571.0 ,-8.898467542902013
572.0 ,-9.101532457095871
573.0 ,-8.898467542902013
574.0 ,-9.101532457095871
575.0 ,-8.898467542902013
576.0 ,-9.101532457095871
577.0 ,-8.898467542902013
578.0 ,-9.101532457095871
579.0 ,-8.898467542902013
580.0 ,-9.101532457095871
581.0 ,-8.898467542902013
582.0 ,-9.101532457095871
583.0 ,-8.898467542902013
584.0 ,-9.101532457095871
585.0 ,-8.898467542902013
586.0 ,-9.101532457095871
587.0 ,-8.898467542902013
588.0 ,-9.101532457095871
589.0 ,-8.898467542902013
590.0 ,-9.101532457095871
591.0 ,-8.898467542902013
592.0 ,-9.101532457095871
593.0 ,-8.898467542902013
594.0 ,-9.101532457095871
595.0 ,-8.898467542902013
596.0 ,-9.101532457095871
597.0 ,-8.898467542902013
598.0 ,-9.101532457095871
599.0 ,-8.898467542902013
600.0 ,-9.101532457095871
601.0 ,-8.898467542902013
602.0 ,-9.101532457095871
603.0 ,-8.898467542902013
604.0 ,-9.101532457095871
605.0 ,-8.898467542902013
606.0 ,-9.101532457095871
607.0 ,-8.898467542902013
608.0 ,-9.101532457095871
609.0 ,-8.898467542902013
610.0 ,-9.101532457095871
611.0 ,-8.898467542902013
612.0 ,-9.101532457095871
613.0 ,-8.898467542902013
614.0 ,-9.101532457095871
615.0 ,-8.898467542902013
616.0 ,-9.101532457095871
617.0 ,-8.898467542902013
618.0 ,-9.101532457095871
619.0 ,-8.898467542902013
620.0 ,-9.101532457095871
621.0 ,-8.898467542902013
622.0 ,-9.101532457095871
623.0 ,-8.898467542902013
624.0 ,-9.101532457095871
625.0 ,-8.898467542902013
626.0 ,-9.101532457095871
627.0 ,-8.898467542902013
628.0 ,-9.101532457095871
629.0 ,-8.898467542902013
630.0 ,-9.101532457095871
631.0 ,-8.898467542902013
632.0 ,-9.101532457095871
633.0 ,-8.898467542902013
634.0 ,-9.101532457095871
635.0 ,-8.898467542902013
636.0 ,-9.101532457095871
637.0 ,-8.898467542902013
638.0 ,-9.101532457095871
639.0 ,-8.898467542902013
640.0 ,-9.101532457095871
641.0 ,-8.898467542902013
642.0 ,-9.101532457095871
643.0 ,-8.898467542902013
644.0 ,-9.101532457095871
645.0 ,-8.898467542902013
646.0 ,-9.101532457095871
647.0 ,-8.898467542902013
648.0 ,-9.101532457095871
649.0 ,-8.898467542902013
650.0 ,-9.101532457095871
651.0 ,-8.898467542902013
652.0 ,-9.101532457095871
653.0 ,-8.898467542902013
654.0 ,-9.101532457095871
655.0 ,-8.898467542902013
656.0 ,-9.101532457095871
657.0 ,-8.898467542902013
658.0 ,-9.101532457095871
659.0 ,-8.898467542902013
660.0 ,-9.101532457095871
661.0 ,-8.898467542902013
662.0 ,-9.101532457095871
663.0 ,-8.898467542902013
664.0 ,-9.101532457095871
665.0 ,-8.898467542902013
666.0 ,-9.101532457095871
667.0 ,-8.898467542902013
668.0 ,-9.101532457095871
669.0 ,-8.898467542902013
670.0 ,-9.101532457095871
671.0 ,-8.898467542902013
672.0 ,-9.101532457095871
673.0 ,-8.898467542902013
674.0 ,-9.101532457095871
675.0 ,-8.898467542902013
676.0 ,-9.101532457095871
677.0 ,-8.898467542902013
678.0 ,-9.101532457095871
679.0 ,-8.898467542902013
680.0 ,-9.101532457095871
681.0 ,-8.898467542902013
682.0 ,-9.101532457095871
683.0 ,-8.898467542902013
684.0 ,-9.101532457095871
685.0 ,-8.898467542902013
686.0 ,-9.101532457095871
687.0 ,-8.898467542902013
688.0 ,-9.101532457095871
689.0 ,-8.898467542902013
690.0 ,-9.101532457095871
691.0 ,-8.898467542902013
692.0 ,-9.101532457095871
693.0 ,-8.898467542902013
694.0 ,-9.101532457095871
695.0 ,-8.898467542902013
696.0 ,-9.101532457095871
697.0 ,-8.898467542902013
698.0 ,-9.101532457095871
699.0 ,-8.898467542902013
700.0 ,-9.101532457095871
701.0 ,-8.898467542902013
702.0 ,-9.101532457095871
703.0 ,-8.898467542902013
704.0 ,-9.101532457095871
705.0 ,-8.898467542902013
706.0 ,-9.101532457095871
707.0 ,-8.898467542902013
708.0 ,-9.101532457095871
709.0 ,-8.898467542902013
710.0 ,-9.101532457095871
711.0 ,-8.898467542902013
712.0 ,-9.101532457095871
713.0 ,-8.898467542902013
714.0 ,-9.101532457095871
715.0 ,-8.898467542902013
716.0 ,-9.101532457095871
717.0 ,-8.898467542902013
718.0 ,-9.101532457095871
719.0 ,-8.898467542902013
720.0 ,-9.101532457095871
721.0 ,-8.898467542902013
722.0 ,-9.101532457095871
723.0 ,-8.898467542902013
724.0 ,-9.101532457095871
725.0 ,-8.898467542902013
726.0 ,-9.101532457095871
727.0 ,-8.898467542902013
728.0 ,-9.101532457095871
729.0 ,-8.898467542902013
730.0 ,-9.101532457095871
731.0 ,-8.898467542902013
732.0 ,-9.101532457095871
733.0 ,-8.898467542902013
734.0 ,-9.101532457095871
735.0 ,-8.898467542902013
736.0 ,-9.101532457095871
737.0 ,-8.898467542902013
738.0 ,-9.101532457095871
739.0 ,-8.898467542902013
740.0 ,-9.101532457095871
741.0 ,-8.898467542902013
742.0 ,-9.101532457095871
743.0 ,-8.898467542902013
744.0 ,-9.101532457095871
745.0 ,-8.898467542902013
746.0 ,-9.101532457095871
747.0 ,-8.898467542902013
748.0 ,-9.101532457095871
749.0 ,-8.898467542902013
750.0 ,-9.101532457095871
751.0 ,-8.898467542902013
752.0 ,-9.101532457095871
753.0 ,-8.898467542902013
754.0 ,-9.101532457095871
755.0 ,-8.898467542902013
756.0 ,-9.101532457095871
757.0 ,-8.898467542902013
758.0 ,-9.101532457095871
759.0 ,-8.898467542902013
760.0 ,-9.101532457095871
761.0 ,-8.898467542902013
762.0 ,-9.101532457095871
763.0 ,-8.898467542902013
764.0 ,-9.101532457095871
765.0 ,-8.898467542902013
766.0 ,-9.101532457095871
767.0 ,-8.898467542902013
768.0 ,-9.101532457095871
769.0 ,-8.898467542902013
770.0 ,-9.101532457095871
771.0 ,-8.898467542902013
772.0 ,-9.101532457095871
773.0 ,-8.898467542902013
774.0 ,-9.101532457095871
775.0 ,-8.898467542902013
776.0 ,-9.101532457095871
777.0 ,-8.898467542902013
778.0 ,-9.101532457095871
779.0 ,-8.898467542902013
780.0 ,-9.101532457095871
781.0 ,-8.898467542902013
782.0 ,-9.101532457095871
783.0 ,-8.898467542902013
784.0 ,-9.101532457095871
785.0 ,-8.898467542902013
786.0 ,-9.101532457095871
787.0 ,-8.898467542902013
788.0 ,-9.101532457095871
789.0 ,-8.898467542902013
790.0 ,-9.101532457095871
791.0 ,-8.898467542902013
792.0 ,-9.101532457095871
793.0 ,-8.898467542902013
794.0 ,-9.101532457095871
795.0 ,-8.898467542902013
796.0 ,-9.101532457095871
797.0 ,-8.898467542902013
798.0 ,-9.101532457095871
799.0 ,-8.898467542902013
800.0 ,-9.101532457095871
801.0 ,-8.898467542902013
802.0 ,-9.101532457095871
803.0 ,-8.898467542902013
804.0 ,-9.101532457095871
805.0 ,-8.898467542902013
806.0 ,-9.101532457095871
807.0 ,-8.898467542902013
808.0 ,-9.101532457095871
809.0 ,-8.898467542902013
810.0 ,-9.101532457095871
811.0 ,-8.898467542902013
812.0 ,-9.101532457095871
813.0 ,-8.898467542902013
814.0 ,-9.101532457095871
815.0 ,-8.898467542902013
816.0 ,-9.101532457095871
817.0 ,-8.898467542902013
818.0 ,-9.101532457095871
819.0 ,-8.898467542902013
820.0 ,-9.101532457095871
821.0 ,-8.898467542902013
822.0 ,-9.101532457095871
823.0 ,-8.898467542902013
824.0 ,-9.101532457095871
825.0 ,-8.898467542902013
826.0 ,-9.101532457095871
827.0 ,-8.898467542902013
828.0 ,-9.101532457095871
829.0 ,-8.898467542902013
830.0 ,-9.101532457095871
831.0 ,-8.898467542902013
832.0 ,-9.101532457095871
833.0 ,-8.898467542902013
834.0 ,-9.101532457095871
835.0 ,-8.898467542902013
836.0 ,-9.101532457095871
837.0 ,-8.898467542902013
838.0 ,-9.101532457095871
839.0 ,-8.898467542902013
840.0 ,-9.101532457095871
841.0 ,-8.898467542902013
842.0 ,-9.101532457095871
843.0 ,-8.898467542902013
844.0 ,-9.101532457095871
845.0 ,-8.898467542902013
846.0 ,-9.101532457095871
847.0 ,-8.898467542902013
848.0 ,-9.101532457095871
849.0 ,-8.898467542902013
850.0 ,-9.101532457095871
851.0 ,-8.898467542902013
852.0 ,-9.101532457095871
853.0 ,-8.898467542902013
854.0 ,-9.101532457095871
855.0 ,-8.898467542902013
856.0 ,-9.101532457095871
857.0 ,-8.898467542902013
858.0 ,-9.101532457095871
859.0 ,-8.898467542902013
860.0 ,-9.101532457095871
861.0 ,-8.898467542902013
862.0 ,-9.101532457095871
863.0 ,-8.898467542902013
864.0 ,-9.101532457095871
865.0 ,-8.898467542902013
866.0 ,-9.101532457095871
867.0 ,-8.898467542902013
868.0 ,-9.101532457095871
869.0 ,-8.898467542902013
870.0 ,-9.101532457095871
871.0 ,-8.898467542902013
872.0 ,-9.101532457095871
873.0 ,-8.898467542902013
874.0 ,-9.101532457095871
875.0 ,-8.898467542902013
876.0 ,-9.101532457095871
877.0 ,-8.898467542902013
878.0 ,-9.101532457095871
879.0 ,-8.898467542902013
880.0 ,-9.101532457095871
881.0 ,-8.898467542902013
882.0 ,-9.101532457095871
883.0 ,-8.898467542902013
884.0 ,-9.101532457095871
885.0 ,-8.898467542902013
886.0 ,-9.101532457095871
887.0 ,-8.898467542902013
888.0 ,-9.101532457095871
889.0 ,-8.898467542902013
890.0 ,-9.101532457095871
891.0 ,-8.898467542902013
892.0 ,-9.101532457095871
893.0 ,-8.898467542902013
894.0 ,-9.101532457095871
895.0 ,-8.898467542902013
896.0 ,-9.101532457095871
897.0 ,-8.898467542902013
898.0 ,-9.101532457095871
899.0 ,-8.898467542902013
900.0 ,-9.101532457095871
901.0 ,-8.898467542902013
902.0 ,-9.101532457095871
903.0 ,-8.898467542902013
904.0 ,-9.101532457095871
905.0 ,-8.898467542902013
906.0 ,-9.101532457095871
907.0 ,-8.898467542902013
908.0 ,-9.101532457095871
909.0 ,-8.898467542902013
910.0 ,-9.101532457095871
911.0 ,-8.898467542902013
912.0 ,-9.101532457095871
913.0 ,-8.898467542902013
914.0 ,-9.101532457095871
915.0 ,-8.898467542902013
916.0 ,-9.101532457095871
917.0 ,-8.898467542902013
918.0 ,-9.101532457095871
919.0 ,-8.898467542902013
920.0 ,-9.101532457095871
921.0 ,-8.898467542902013
922.0 ,-9.101532457095871
923.0 ,-8.898467542902013
924.0 ,-9.101532457095871
925.0 ,-8.898467542902013
926.0 ,-9.101532457095871
927.0 ,-8.898467542902013
928.0 ,-9.101532457095871
929.0 ,-8.898467542902013
930.0 ,-9.101532457095871
931.0 ,-8.898467542902013
932.0 ,-9.101532457095871
933.0 ,-8.898467542902013
934.0 ,-9.101532457095871
935.0 ,-8.898467542902013
936.0 ,-9.101532457095871
937.0 ,-8.898467542902013
938.0 ,-9.101532457095871
939.0 ,-8.898467542902013
940.0 ,-9.101532457095871
941.0 ,-8.898467542902013
942.0 ,-9.101532457095871
943.0 ,-8.898467542902013
944.0 ,-9.101532457095871
945.0 ,-8.898467542902013
946.0 ,-9.101532457095871
947.0 ,-8.898467542902013
948.0 ,-9.101532457095871
949.0 ,-8.898467542902013
950.0 ,-9.101532457095871
951.0 ,-8.898467542902013
952.0 ,-9.101532457095871
953.0 ,-8.898467542902013
954.0 ,-9.101532457095871
955.0 ,-8.898467542902013
956.0 ,-9.101532457095871
957.0 ,-8.898467542902013
958.0 ,-9.101532457095871
959.0 ,-8.898467542902013
960.0 ,-9.101532457095871
961.0 ,-8.898467542902013
962.0 ,-9.101532457095871
963.0 ,-8.898467542902013
964.0 ,-9.101532457095871
965.0 ,-8.898467542902013
966.0 ,-9.101532457095871
967.0 ,-8.898467542902013
968.0 ,-9.101532457095871
969.0 ,-8.898467542902013
970.0 ,-9.101532457095871
971.0 ,-8.898467542902013
972.0 ,-9.101532457095871
973.0 ,-8.898467542902013
974.0 ,-9.101532457095871
975.0 ,-8.898467542902013
976.0 ,-9.101532457095871
977.0 ,-8.898467542902013
978.0 ,-9.101532457095871
979.0 ,-8.898467542902013
980.0 ,-9.101532457095871
981.0 ,-8.898467542902013
982.0 ,-9.101532457095871
983.0 ,-8.898467542902013
984.0 ,-9.101532457095871
985.0 ,-8.898467542902013
986.0 ,-9.101532457095871
987.0 ,-8.898467542902013
988.0 ,-9.101532457095871
989.0 ,-8.898467542902013
990.0 ,-9.101532457095871
991.0 ,-8.898467542902013
992.0 ,-9.101532457095871
993.0 ,-8.898467542902013
994.0 ,-9.101532457095871
995.0 ,-8.898467542902013
996.0 ,-9.101532457095871
997.0 ,-8.898467542902013
998.0 ,-9.101532457095871
999.0 ,-8.898467542902013
1000.0,-9.101532457095871
1001.0,-8.898467542902013
1002.0,-9.101532457095871
1003.0,-8.898467542902013
1004.0,-9.101532457095871
1005.0,-8.898467542902013
1006.0,-9.101532457095871
1007.0,-8.898467542902013
1008.0,-9.101532457095871
1009.0,-8.898467542902013
1010.0,-9.101532457095871
1011.0,-8.898467542902013
1012.0,-9.101532457095871
1013.0,-8.898467542902013
1014.0,-9.101532457095871
1015.0,-8.898467542902013
1016.0,-9.101532457095871
1017.0,-8.898467542902013
1018.0,-9.101532457095871
1019.0,-8.898467542902013
1020.0,-9.101532457095871
1021.0,-8.898467542902013
1022.0,-9.101532457095871
1023.0,-8.898467542902013
1024.0,-9.101532457095871
1025.0,-8.898467542902013
1026.0,-9.101532457095871
1027.0,-8.898467542902013
1028.0,-9.101532457095871
1029.0,-8.898467542902013
1030.0,-9.101532457095871
1031.0,-8.898467542902013
1032.0,-9.101532457095871
1033.0,-8.898467542902013
1034.0,-9.101532457095871
1035.0,-8.898467542902013
1036.0,-9.101532457095871
1037.0,-8.898467542902013
1038.0,-9.101532457095871
1039.0,-8.898467542902013
1040.0,-9.101532457095871
1041.0,-8.898467542902013
1042.0,-9.101532457095871
1043.0,-8.898467542902013
1044.0,-9.101532457095871
1045.0,-8.898467542902013
1046.0,-9.101532457095871
1047.0,-8.898467542902013
1048.0,-9.101532457095871
1049.0,-8.898467542902013
1050.0,-9.101532457095871
1051.0,-8.898467542902013
1052.0,-9.101532457095871
1053.0,-8.898467542902013
1054.0,-9.101532457095871
1055.0,-8.898467542902013
1056.0,-9.101532457095871
1057.0,-8.898467542902013
1058.0,-9.101532457095871
1059.0,-8.898467542902013
1060.0,-9.101532457095871
1061.0,-8.898467542902013
1062.0,-9.101532457095871
1063.0,-8.898467542902013
1064.0,-9.101532457095871
1065.0,-8.898467542902013
1066.0,-9.101532457095871
1067.0,-8.898467542902013
1068.0,-9.101532457095871
1069.0,-8.898467542902013
1070.0,-9.101532457095871
1071.0,-8.898467542902013
1072.0,-9.101532457095871
1073.0,-8.898467542902013
1074.0,-9.101532457095871
1075.0,-8.898467542902013
1076.0,-9.101532457095871
1077.0,-8.898467542902013
1078.0,-9.101532457095871
1079.0,-8.898467542902013
1080.0,-9.101532457095871
1081.0,-8.898467542902013
1082.0,-9.101532457095871
1083.0,-8.898467542902013
1084.0,-9.101532457095871
1085.0,-8.898467542902013
1086.0,-9.101532457095871
1087.0,-8.898467542902013
1088.0,-9.101532457095871
1089.0,-8.898467542902013
1090.0,-9.101532457095871
1091.0,-8.898467542902013
1092.0,-9.101532457095871
1093.0,-8.898467542902013
1094.0,-9.101532457095871
1095.0,-8.898467542902013
1096.0,-9.101532457095871
1097.0,-8.898467542902013
1098.0,-9.101532457095871
1099.0,-8.898467542902013
1100.0,-9.101532457095871
1101.0,-8.898467542902013
1102.0,-9.101532457095871
1103.0,-8.898467542902013
1104.0,-9.101532457095871
1105.0,-8.898467542902013
1106.0,-9.101532457095871
1107.0,-8.898467542902013
1108.0,-9.101532457095871
1109.0,-8.898467542902013
1110.0,-9.101532457095871
1111.0,-8.898467542902013
1112.0,-9.101532457095871
1113.0,-8.898467542902013
1114.0,-9.101532457095871
1115.0,-8.898467542902013
1116.0,-9.101532457095871
1117.0,-8.898467542902013
1118.0,-9.101532457095871
1119.0,-8.898467542902013
1120.0,-9.101532457095871
1121.0,-8.898467542902013
1122.0,-9.101532457095871
1123.0,-8.898467542902013
1124.0,-9.101532457095871
1125.0,-8.909328027446707
1126.0,-9.11155751975251
1127.0,-8.907669938203243
1128.0,-9.10992493957433
1129.0,-8.906062867090347
1130.0,-9.108343377526719
1131.0,-8.904506814108018
1132.0,-9.106812833609673
1133.0,-8.903001779256257
1134.0,-9.105333307823198
1135.0,-8.901547762535065
1136.0,-9.10390480016729
1137.0,-8.900144763944441
1138.0,-9.10252731064195
1139.0,-8.898792783484385
1140.0,-9.101200839247179
1141.0,-8.897491821154897
1142.0,-9.099925385982974
1143.0,-8.896241876955978
1144.0,-9.09870095084934
1145.0,-8.895042950887627
1146.0,-9.097527533846272
1147.0,-8.893895042949843
1148.0,-9.096405134973773
1149.0,-8.892798153142628
1150.0,-9.095333754231842
1151.0,-8.891752281465982
1152.0,-9.094313391620478
1153.0,-8.890757427919903
1154.0,-9.093344047139684
1155.0,-8.889813592504392
1156.0,-9.092425720789457
1157.0,-8.88892077521945
1158.0,-9.0915584125698
1159.0,-8.888078976065074
1160.0,-9.090742122480709
1161.0,-8.887288195041268
1162.0,-9.089976850522186
1163.0,-8.88654843214803
1164.0,-9.089262596694233
1165.0,-8.885859687385361
1166.0,-9.088599360996847
1167.0,-8.885221960753258
1168.0,-9.087987143430029
1169.0,-8.884635252251725
1170.0,-9.087425943993779
1171.0,-8.88409956188076
1172.0,-9.086915762688099
1173.0,-8.883614889640363
1174.0,-9.086456599512985
1175.0,-8.883181235530532
1176.0,-9.08604845446844
1177.0,-8.882798599551272
1178.0,-9.085691327554462
1179.0,-8.88246698170258
1180.0,-9.085385218771053
1181.0,-8.882186381984454
1182.0,-9.085130128118212
1183.0,-8.881956800396898
1184.0,-9.084926055595941
1185.0,-8.88177823693991
1186.0,-9.084773001204235
1187.0,-8.881650691613489
1188.0,-9.0846709649431
1189.0,-8.881574164417637
1190.0,-9.08461994681253
1191.0,-8.881548655352352
1192.0,-9.08461994681253
1193.0,-8.881574164417637
1194.0,-9.0846709649431
1195.0,-8.881650691613489
1196.0,-9.084773001204235
1197.0,-8.88177823693991
1198.0,-9.084926055595941
1199.0,-8.881956800396898
1200.0,-9.085130128118212
1201.0,-8.882186381984454
1202.0,-9.085385218771053
1203.0,-8.88246698170258
1204.0,-9.085691327554462
1205.0,-8.882798599551272
1206.0,-9.08604845446844
1207.0,-8.883181235530532
1208.0,-9.086456599512985
1209.0,-8.883614889640363
1210.0,-9.086915762688099
1211.0,-8.88409956188076
1212.0,-9.087425943993779
1213.0,-8.884635252251725
1214.0,-9.087987143430029
1215.0,-8.885221960753258
1216.0,-9.088599360996847
1217.0,-8.885859687385361
1218.0,-9.089262596694233
1219.0,-8.88654843214803
1220.0,-9.089976850522186
1221.0,-8.887288195041268
1222.0,-9.090742122480709
1223.0,-8.888078976065074
1224.0,-9.0915584125698
1225.0,-8.88892077521945
1226.0,-9.092425720789457
1227.0,-8.889813592504392
1228.0,-9.093344047139684
1229.0,-8.890757427919903
1230.0,-9.094313391620478
1231.0,-8.891752281465982
1232.0,-9.095333754231842
1233.0,-8.892798153142628
1234.0,-9.096405134973773
1235.0,-8.893895042949843
1236.0,-9.097527533846272
1237.0,-8.895042950887627
1238.0,-9.09870095084934
1239.0,-8.896241876955978
1240.0,-9.099925385982974
1241.0,-8.897491821154897
1242.0,-9.101200839247179
1243.0,-8.898792783484385
1244.0,-9.10252731064195
1245.0,-8.900144763944441
1246.0,-9.10390480016729
1247.0,-8.901547762535065
1248.0,-9.105333307823198
1249.0,-8.903001779256257
1250.0,-9.106812833609673
1251.0,-8.904506814108018
1252.0,-9.108343377526719
1253.0,-8.906062867090347
1254.0,-9.10992493957433
1255.0,-8.907669938203243
1256.0,-9.11155751975251
1257.0,-8.909328027446707
1258.0,-9.101532457095871
1259.0,-8.898467542902013
1260.0,-9.101532457095871
1261.0,-8.898467542902013
1262.0,-9.101532457095871
1263.0,-8.898467542902013
1264.0,-9.101532457095871
1265.0,-8.898467542902013
1266.0,-9.101532457095871
1267.0,-8.898467542902013
1268.0,-9.101532457095871
1269.0,-8.898467542902013
1270.0,-9.101532457095871
1271.0,-8.898467542902013
1272.0,-9.101532457095871
1273.0,-8.898467542902013
1274.0,-9.101532457095871
1275.0,-8.898467542902013
1276.0,-9.101532457095871
1277.0,-8.898467542902013
1278.0,-9.101532457095871
1279.0,-8.898467542902013
1280.0,-9.101532457095871
1281.0,-8.898467542902013
1282.0,-9.101532457095871
1283.0,-8.898467542902013
1284.0,-9.101532457095871
1285.0,-8.898467542902013
1286.0,-9.101532457095871
1287.0,-8.898467542902013
1288.0,-9.101532457095871
1289.0,-8.898467542902013
1290.0,-9.101532457095871
1291.0,-8.898467542902013
1292.0,-9.101532457095871
1293.0,-8.898467542902013
1294.0,-9.101532457095871
1295.0,-8.898467542902013
1296.0,-9.101532457095871
1297.0,-8.898467542902013
1298.0,-9.101532457095871
1299.0,-8.898467542902013
1300.0,-9.101532457095871
1301.0,-8.898467542902013
1302.0,-9.101532457095871
1303.0,-8.898467542902013
1304.0,-9.101532457095871
1305.0,-8.898467542902013
1306.0,-9.101532457095871
1307.0,-8.898467542902013
1308.0,-9.101532457095871
1309.0,-8.898467542902013
1310.0,-9.101532457095871
1311.0,-8.898467542902013
1312.0,-9.101532457095871
1313.0,-8.898467542902013
1314.0,-9.101532457095871
1315.0,-8.898467542902013
1316.0,-9.101532457095871
1317.0,-8.898467542902013
1318.0,-9.101532457095871
1319.0,-8.898467542902013
1320.0,-9.101532457095871
1321.0,-8.898467542902013
1322.0,-9.101532457095871
1323.0,-8.898467542902013
1324.0,-9.101532457095871
1325.0,-8.898467542902013
1326.0,-9.101532457095871
1327.0,-8.898467542902013
1328.0,-9.101532457095871
1329.0,-8.898467542902013
1330.0,-9.101532457095871
1331.0,-8.898467542902013
1332.0,-9.101532457095871
1333.0,-8.898467542902013
1334.0,-9.101532457095871
1335.0,-8.898467542902013
1336.0,-9.101532457095871
1337.0,-8.898467542902013
1338.0,-9.101532457095871
1339.0,-8.898467542902013
1340.0,-9.101532457095871
1341.0,-8.898467542902013
1342.0,-9.101532457095871
1343.0,-8.898467542902013
1344.0,-9.101532457095871
1345.0,-8.898467542902013
1346.0,-9.101532457095871
1347.0,-8.898467542902013
1348.0,-9.101532457095871
1349.0,-8.898467542902013
1350.0,-9.101532457095871
1351.0,-8.898467542902013
1352.0,-9.101532457095871
1353.0,-8.898467542902013
1354.0,-9.101532457095871
1355.0,-8.898467542902013
1356.0,-9.101532457095871
1357.0,-8.898467542902013
1358.0,-9.101532457095871
1359.0,-8.898467542902013
1360.0,-9.101532457095871
1361.0,-8.898467542902013
1362.0,-9.101532457095871
1363.0,-8.898467542902013
1364.0,-9.101532457095871
1365.0,-8.898467542902013
1366.0,-9.101532457095871
1367.0,-8.898467542902013
1368.0,-9.101532457095871
1369.0,-8.898467542902013
1370.0,-9.101532457095871
1371.0,-8.898467542902013
1372.0,-9.101532457095871
1373.0,-8.898467542902013
1374.0,-9.101532457095871
1375.0,-8.898467542902013
1376.0,-9.101532457095871
1377.0,-8.898467542902013
1378.0,-9.101532457095871
1379.0,-8.898467542902013
1380.0,-9.101532457095871
1381.0,-8.898467542902013
1382.0,-9.101532457095871
1383.0,-8.898467542902013
1384.0,-9.101532457095871
1385.0,-8.898467542902013
1386.0,-9.101532457095871
1387.0,-8.898467542902013
1388.0,-9.101532457095871
1389.0,-8.898467542902013
1390.0,-9.101532457095871
1391.0,-8.898467542902013
1392.0,-9.101532457095871
1393.0,-8.898467542902013
1394.0,-9.101532457095871
1395.0,-8.898467542902013
1396.0,-9.101532457095871
1397.0,-8.898467542902013
1398.0,-9.101532457095871
1399.0,-8.898467542902013
1400.0,-9.101532457095871
1401.0,-8.898467542902013
1402.0,-9.101532457095871
1403.0,-8.898467542902013
1404.0,-9.101532457095871
1405.0,-8.898467542902013
1406.0,-9.101532457095871
1407.0,-8.898467542902013
1408.0,-9.101532457095871
1409.0,-8.898467542902013
1410.0,-9.101532457095871
1411.0,-8.898467542902013
1412.0,-9.101532457095871
1413.0,-8.898467542902013
1414.0,-9.101532457095871
1415.0,-8.898467542902013
1416.0,-9.101532457095871
1417.0,-8.898467542902013
1418.0,-9.101532457095871
1419.0,-8.898467542902013
1420.0,-9.101532457095871
1421.0,-8.898467542902013
1422.0,-9.101532457095871
1423.0,-8.898467542902013
1424.0,-9.101532457095871
1425.0,-8.898467542902013
1426.0,-9.101532457095871
1427.0,-8.898467542902013
1428.0,-9.101532457095871
1429.0,-8.898467542902013
1430.0,-9.101532457095871
1431.0,-8.898467542902013
1432.0,-9.101532457095871
1433.0,-8.898467542902013
1434.0,-9.101532457095871
1435.0,-8.898467542902013
1436.0,-9.101532457095871
1437.0,-8.898467542902013
1438.0,-9.101532457095871
1439.0,-8.909328027446707
1440.0,-9.11155751975251
1441.0,-8.907669938203243
1442.0,-9.10992493957433
1443.0,-8.906062867090347
1444.0,-9.108343377526719
1445.0,-8.904506814108018
1446.0,-9.106812833609673
1447.0,-8.903001779256257
1448.0,-9.105333307823198
1449.0,-8.901547762535065
1450.0,-9.10390480016729
1451.0,-8.900144763944441
1452.0,-9.10252731064195
1453.0,-8.898792783484385
1454.0,-9.101200839247179
1455.0,-8.897491821154897
1456.0,-9.099925385982974
1457.0,-8.896241876955978
1458.0,-9.09870095084934
1459.0,-8.895042950887627
1460.0,-9.097527533846272
1461.0,-8.893895042949843
1462.0,-9.096405134973773
1463.0,-8.892798153142628
1464.0,-9.095333754231842
1465.0,-8.891752281465982
1466.0,-9.094313391620478
1467.0,-8.890757427919903
1468.0,-9.093344047139684
1469.0,-8.889813592504392
1470.0,-9.092425720789457
1471.0,-8.88892077521945
1472.0,-9.0915584125698
1473.0,-8.888078976065074
1474.0,-9.090742122480709
1475.0,-8.887288195041268
1476.0,-9.089976850522186
1477.0,-8.88654843214803
1478.0,-9.089262596694233
1479.0,-8.885859687385361
1480.0,-9.088599360996847
1481.0,-8.885221960753258
1482.0,-9.087987143430029
1483.0,-8.884635252251725
1484.0,-9.087425943993779
1485.0,-8.88409956188076
1486.0,-9.086915762688099
1487.0,-8.883614889640363
1488.0,-9.086456599512985
1489.0,-8.883181235530532
1490.0,-9.08604845446844
1491.0,-8.882798599551272
1492.0,-9.085691327554462
1493.0,-8.88246698170258
1494.0,-9.085385218771053
1495.0,-8.882186381984454
1496.0,-9.085130128118212
1497.0,-8.881956800396898
1498.0,-9.084926055595941
1499.0,-8.88177823693991
1500.0,-9.084773001204235
1501.0,-8.881650691613489
1502.0,-9.0846709649431
1503.0,-8.881574164417637
1504.0,-9.08461994681253
1505.0,-8.881548655352352
1506.0,-9.08461994681253
1507.0,-8.881574164417637
1508.0,-9.0846709649431
1509.0,-8.881650691613489
1510.0,-9.084773001204235
1511.0,-8.88177823693991
1512.0,-9.084926055595941
1513.0,-8.881956800396898
1514.0,-9.085130128118212
1515.0,-8.882186381984454
1516.0,-9.085385218771053
1517.0,-8.88246698170258
1518.0,-9.085691327554462
1519.0,-8.882798599551272
1520.0,-9.08604845446844
1521.0,-8.883181235530532
1522.0,-9.086456599512985
1523.0,-8.883614889640363
1524.0,-9.086915762688099
1525.0,-8.88409956188076
1526.0,-9.087425943993779
1527.0,-8.884635252251725
1528.0,-9.087987143430029
1529.0,-8.885221960753258
1530.0,-9.088599360996847
1531.0,-8.885859687385361
1532.0,-9.089262596694233
1533.0,-8.88654843214803
1534.0,-9.089976850522186
1535.0,-8.887288195041268
1536.0,-9.090742122480709
1537.0,-8.888078976065074
1538.0,-9.0915584125698
1539.0,-8.88892077521945
1540.0,-9.092425720789457
1541.0,-8.889813592504392
1542.0,-9.093344047139684
1543.0,-8.890757427919903
1544.0,-9.094313391620478
1545.0,-8.891752281465982
1546.0,-9.095333754231842
1547.0,-8.892798153142628
1548.0,-9.096405134973773
1549.0,-8.893895042949843
1550.0,-9.097527533846272
1551.0,-8.895042950887627
1552.0,-9.09870095084934
1553.0,-8.896241876955978
1554.0,-9.099925385982974
1555.0,-8.897491821154897
1556.0,-9.101200839247179
1557.0,-8.898792783484385
1558.0,-9.10252731064195
1559.0,-8.900144763944441
1560.0,-9.10390480016729
1561.0,-8.901547762535065
1562.0,-9.105333307823198
1563.0,-8.903001779256257
1564.0,-9.106812833609673
1565.0,-8.904506814108018
1566.0,-9.108343377526719
1567.0,-8.906062867090347
1568.0,-9.10992493957433
1569.0,-8.907669938203243
1570.0,-9.11155751975251
1571.0,-8.909328027446707
1572.0,-9.101532457095871
1573.0,-8.898467542902013
1574.0,-9.101532457095871
1575.0,-8.898467542902013
1576.0,-9.101532457095871
1577.0,-8.898467542902013
1578.0,-9.101532457095871
1579.0,-8.909328027446707
1580.0,-9.11155751975251
1581.0,-8.907669938203243
1582.0,-9.10992493957433
1583.0,-8.906062867090347
1584.0,-9.108343377526719
1585.0,-8.904506814108018
1586.0,-9.106812833609673
1587.0,-8.903001779256257
1588.0,-9.105333307823198
1589.0,-8.901547762535065
1590.0,-9.10390480016729
1591.0,-8.900144763944441
1592.0,-9.10252731064195
1593.0,-8.898792783484385
1594.0,-9.101200839247179
1595.0,-8.897491821154897
1596.0,-9.099925385982974
1597.0,-8.896241876955978
1598.0,-9.09870095084934
1599.0,-8.895042950887627
1600.0,-9.097527533846272
1601.0,-8.893895042949843
1602.0,-9.096405134973773
1603.0,-8.892798153142628
1604.0,-9.095333754231842
1605.0,-8.891752281465982
1606.0,-9.094313391620478
1607.0,-8.901617912464596
1608.0,-9.103369109796324
1609.0,-8.89901598780562
1610.0,-9.100818203267917
1611.0,-8.896516099407782
1612.0,-9.098369333000646
1613.0,-8.894118247271079
1614.0,-9.096022498994511
1615.0,-8.891822431395513
1616.0,-9.093777701249513
1617.0,-8.889628651781083
1618.0,-9.091634939765651
1619.0,-8.887536908427789
1620.0,-9.089594214542926
1621.0,-8.88554720133563
1622.0,-9.087655525581336
1623.0,-8.883659530504609
1624.0,-9.085818872880882
1625.0,-8.881873895934724
1626.0,-9.084084256441566
1627.0,-8.880190297625976
1628.0,-9.082451676263386
1629.0,-8.878608735578362
1630.0,-9.08092113234634
1631.0,-8.877129209791887
1632.0,-9.079492624690433
1633.0,-8.875751720266548
1634.0,-9.07816615329566
1635.0,-8.874476267002343
1636.0,-9.076941718162026
1637.0,-8.873302849999277
1638.0,-9.075819319289527
1639.0,-8.872231469257347
1640.0,-9.074798956678164
1641.0,-8.87126212477655
1642.0,-9.073880630327938
1643.0,-8.870394816556892
1644.0,-9.073064340238846
1645.0,-8.86962954459837
1646.0,-9.072350086410893
1647.0,-8.868966308900985
1648.0,-9.071737868844076
1649.0,-8.868405109464733
1650.0,-9.071227687538393
1651.0,-8.867945946289622
1652.0,-9.07081954249385
1653.0,-8.867588819375644
1654.0,-9.07051343371044
1655.0,-8.867333728722803
1656.0,-9.070309361188167
1657.0,-8.867180674331099
1658.0,-9.070207324927031
1659.0,-8.86712965620053
1660.0,-9.070207324927031
1661.0,-8.867180674331099
1662.0,-9.070309361188167
1663.0,-8.878194213267497
1664.0,-9.08053849636708
1665.0,-8.876791214676874
1666.0,-9.079212024972309
1667.0,-8.875541270477955
1668.0,-9.07803860796924
1669.0,-8.874444380670738
1670.0,-9.077018245357879
1671.0,-8.87350054525523
1672.0,-9.07615093713822
1673.0,-8.872709764231422
1674.0,-9.075436683310265
1675.0,-8.87207203759932
1676.0,-9.074875483874017
1677.0,-8.871587365358922
1678.0,-9.07446733882947
1679.0,-8.882116232054925
1680.0,-9.084237310833272
1681.0,-8.88027957935447
1682.0,-9.082502694393954
1683.0,-8.87864699917629
1684.0,-9.080972150476908
1685.0,-8.877218491520383
1686.0,-9.079645679082137
1687.0,-8.875994056386746
1688.0,-9.078523280209637
1689.0,-8.874973693775383
1690.0,-9.077604953859412
1691.0,-8.874157403686292
1692.0,-9.076890700031457
1693.0,-8.873545186119475
1694.0,-9.076380518725776
1695.0,-8.87313704107493
1696.0,-9.076074409942366
1697.0,-8.872932968552657
1698.0,-9.07597237368123
1699.0,-8.872932968552657
1700.0,-9.076074409942366
1701.0,-8.87313704107493
1702.0,-9.076380518725776
1703.0,-8.873545186119475
1704.0,-9.076890700031457
1705.0,-8.874157403686292
1706.0,-9.077604953859412
1707.0,-8.874973693775383
1708.0,-9.078523280209637
1709.0,-8.875994056386746
1710.0,-9.079645679082137
1711.0,-8.877218491520381
1712.0,-9.069263489511519
1713.0,-8.866077407257562
1714.0,-9.069059416989246
1715.0,-8.865949861931142
1716.0,-9.06900839885868
1717.0,-8.865975370996427
1718.0,-9.069110435119816
1719.0,-8.877014418998108
1720.0,-9.079390588429296
1721.0,-8.875687947603337
1722.0,-9.078166153295662
1723.0,-8.874565548730839
1724.0,-9.077145790684297
1725.0,-8.873647222380612
1726.0,-9.07632950059521
1727.0,-8.872932968552657
1728.0,-9.07571728302839
1729.0,-8.872422787246975
1730.0,-9.075309137983844
1731.0,-8.872116678463568
1732.0,-9.075105065461573
1733.0,-8.87201464220243
1734.0,-9.075105065461571
1735.0,-8.872116678463568
1736.0,-9.075309137983846
1737.0,-8.872422787246977
1738.0,-9.075717283028391
1739.0,-8.872932968552657
1740.0,-9.064620839629818
1741.0,-8.861077630461885
1742.0,-9.063702513279592
1743.0,-8.871096315852204
1744.0,-9.07296230397771
1745.0,-8.868749481846068
1746.0,-9.070717506232711
1747.0,-8.866606720362208
1748.0,-9.068676781009987
1749.0,-8.864668031400617
1750.0,-9.066840128309533
1751.0,-8.8629334149613
1752.0,-9.065207548131355
1753.0,-8.861402871044257
1754.0,-9.063779040475444
1755.0,-8.860076399649484
1756.0,-9.06255460534181
1757.0,-8.858954000776986
1758.0,-9.061534242730445
1759.0,-8.868896158971452
1760.0,-9.070743015297996
1761.0,-8.866523815900033
1762.0,-9.068498217552998
1763.0,-8.864406563481456
1764.0,-9.06650851046084
1765.0,-8.862544401715718
1766.0,-9.064773894021522
1767.0,-8.860937330602821
1768.0,-9.063294368235047
1769.0,-8.870445834687459
1770.0,-9.072094995758052
1771.0,-8.86769085563678
1772.0,-9.069493071099076
1773.0,-8.86524198536951
1774.0,-9.06719725522351
1775.0,-8.863099223885646
1776.0,-9.065207548131353
1777.0,-8.861262571185195
1778.0,-9.063523949822605
1779.0,-8.859732027268151
1780.0,-9.062146460297264
1781.0,-8.858507592134513
1782.0,-9.061075079555334
1783.0,-8.857589265784288
1784.0,-9.06030980759681
1785.0,-8.85697704821747
1786.0,-9.059850644421697
1787.0,-8.856670939434062
1788.0,-9.059697590029993
1789.0,-8.85667093943406
1790.0,-9.059850644421697
1791.0,-8.856977048217471
1792.0,-9.060309807596811
1793.0,-8.857589265784288
1794.0,-9.061075079555332
1795.0,-8.858507592134513
1796.0,-9.050437799331874
1797.0,-8.847162435349423
1798.0,-9.050080672417897
1799.0,-8.846932853761865
1800.0,-9.04997863615676
1801.0,-8.84695836282715
1802.0,-9.050131690548467
1803.0,-8.847238962545276
1804.0,-9.05053983559301
1805.0,-8.847774652916241
1806.0,-9.051203071290399
1807.0,-8.848565433940047
1808.0,-9.052121397640622
1809.0,-8.849611305616692
1810.0,-9.053294814643689
1811.0,-8.850912267946182
1812.0,-9.04301466133421
1813.0,-8.839898729009782
1814.0,-9.04296364320364
1815.0,-8.839949747140352
1816.0,-9.043116697595346
1817.0,-8.840204837793193
1818.0,-9.043473824509324
1819.0,-8.840664000968307
1820.0,-9.044035023945572
1821.0,-8.841327236665691
1822.0,-9.044800295904095
1823.0,-8.84219454488535
1824.0,-9.045769640384888
1825.0,-8.84326592562728
1826.0,-9.046943057387956
1827.0,-8.844541378891487
1828.0,-9.048320546913297
1829.0,-8.84602090467796
1830.0,-9.049902108960909
1831.0,-8.847704502986709
1832.0,-9.051687743530795
1833.0,-8.849592173817731
1834.0,-9.053677450622951
1835.0,-8.862544401715718
1836.0,-9.065896292894022
1837.0,-8.863182128347823
1838.0,-9.066661564852545
1839.0,-8.864074945632762
1840.0,-9.067681927463907
1841.0,-8.865222853570547
1842.0,-9.068957380728111
1843.0,-8.866625852161171
1844.0,-9.070487924645155
1845.0,-8.868283941404634
1846.0,-9.07227355921504
1847.0,-8.870197121300942
1848.0,-9.074314284437767
1849.0,-8.872365391850087
1850.0,-9.076610100313331
1851.0,-8.885649237596766
1852.0,-9.07747740853299
1853.0,-8.874100008289403
1854.0,-9.076916209096742
1855.0,-8.873666354179575
1856.0,-9.076610100313331
1857.0,-8.873487790722585
1858.0,-9.076559082182765
1859.0,-8.873564317918438
1860.0,-9.076763154705038
1861.0,-8.884756420311824
1862.0,-9.087247380536791
1863.0,-8.883685039569894
1864.0,-9.086329054186564
1865.0,-8.882919767611371
1866.0,-9.085716836619747
1867.0,-8.882460604436258
1868.0,-9.085410727836338
1869.0,-8.882307550044553
1870.0,-9.085410727836338
1871.0,-8.893321088980953
1872.0,-9.095741899276387
1873.0,-8.892122162912601
1874.0,-9.094721536665023
1875.0,-8.891280363758225
1876.0,-9.08234964000225
1877.0,-8.878226099599102
1878.0,-9.080308914779524
1879.0,-8.876338428768081
1880.0,-9.078574298340206
1881.0,-8.874756866720467
1882.0,-9.077145790684298
1883.0,-8.873481413456265
1884.0,-9.076023391811798
1885.0,-8.87251206897547
1886.0,-9.075207101722707
1887.0,-8.871848833278085
1888.0,-9.074696920417027
1889.0,-8.871491706364107
1890.0,-9.074492847894755
1891.0,-8.871440688233537
1892.0,-9.062886223190501
1893.0,-8.859126186967654
1894.0,-9.061559751795732
1895.0,-8.857927260899302
1896.0,-9.060488371053799
1897.0,-8.856983425483792
1898.0,-9.05967208096471
1899.0,-8.856294680721122
1900.0,-9.059110881528458
1901.0,-8.866721511155985
1902.0,-9.0571211744363
1903.0,-8.852315266536806
1904.0,-9.053702959688236
1905.0,-8.859885081659854
1906.0,-9.06056489824965
1907.0,-8.855191413647587
1908.0,-9.056024284629087
1909.0,-8.850803854418725
1910.0,-9.051789779791932
1911.0,-8.846722403973272
1912.0,-9.047861383738182
1913.0,-8.842947062311229
1914.0,-9.044239096467846
1915.0,-8.839477829432598
1916.0,-9.040922917980915
1917.0,-8.847175189882064
1918.0,-9.047937910934035
1919.0,-8.842660085326786
1920.0,-9.043601369835743
1921.0,-8.838502107685482
1922.0,-9.039621955651429
1923.0,-8.834701256958152
1924.0,-9.035999668381091
1925.0,-8.831257533144806
1926.0,-9.032734508024728
1927.0,-8.82817093624543
1928.0,-9.029826474582343
1929.0,-8.825441466260038
1930.0,-9.027275568053938
1931.0,-8.823069123188617
1932.0,-9.025081788439508
1933.0,-8.821053907031175
1934.0,-9.023245135739055
1935.0,-8.819395817787711
1936.0,-9.021765609952576
1937.0,-8.818094855458222
1938.0,-9.020643211080078
1939.0,-8.817151020042713
1940.0,-9.019877939121557
1941.0,-8.816564311541178
1942.0,-9.01946979407701
1943.0,-8.816334729953622
1944.0,-9.019418775946445
1945.0,-8.816462275280042
1946.0,-9.01972488472985
1947.0,-8.816946947520439
1948.0,-9.020388120427237
1949.0,-8.817788746674815
1950.0,-9.0214084830386
1951.0,-8.818987672743164
1952.0,-9.022785972563941
1953.0,-8.820543725725493
1954.0,-9.024520589003258
1955.0,-8.822456905621799
1956.0,-9.026612332356551
1957.0,-8.82472721243208
1958.0,-9.029061202623822
1959.0,-8.82735464615634
1960.0,-9.031867199805072
1961.0,-8.830339206794578
1962.0,-9.035030323900294
1963.0,-8.833680894346791
1964.0,-9.038550574909499
1965.0,-8.837379708812984
1966.0,-9.042427952832675
1967.0,-8.841435650193148
1968.0,-9.034953796704443
1969.0,-8.833279126568566
1970.0,-9.037810812016259
1971.0,-8.836289196272087
1972.0,-9.040973936111483
1973.0,-8.839605374759019
1974.0,-9.044443168990117
1975.0,-8.843227662029356
1976.0,-9.04821851065216
1977.0,-8.847156058083103
1978.0,-9.052299961097612
1979.0,-8.851390562920258
1980.0,-9.056687520326474
1981.0,-8.855931176540823
1982.0,-9.061381188338741
1983.0,-8.860777898944797
1984.0,-9.05467230416903
1985.0,-8.864221622758148
1986.0,-9.068268635965442
1987.0,-8.866262347980872
1988.0,-9.07046241557987
1989.0,-8.868609181987008
1990.0,-9.072962303977713
1991.0,-8.871262124776552
1992.0,-9.075768301158957
1993.0,-8.874221176349502
1994.0,-9.067171746158227
1995.0,-8.864916744787138
1996.0,-9.068855344466975
1997.0,-8.866727888422306
1998.0,-9.070794033428564
1999.0,-8.868794122710316
2000.0,-9.072987813042994
2001.0,-8.871115447651167
2002.0,-9.075436683310265
2003.0,-8.873691863244858
2004.0,-9.066431983264987
2005.0,-8.863953777572663
2006.0,-9.067656418398624
2007.0,-8.865280248967435
2008.0,-9.069084926054531
2009.0,-8.866810792884479
2010.0,-9.070717506232713
2011.0,-8.868545409323797
2012.0,-9.072554158933166
2013.0,-8.870484098285386
2014.0,-9.074594884155891
2015.0,-8.872626859769248
2016.0,-9.07683968190089
2017.0,-8.874973693775383
2018.0,-9.07928855216816
2019.0,-8.87752460030379
2020.0,-9.081941494957704
2021.0,-8.88027957935447
2022.0,-9.08479851026952
2023.0,-8.883238630927423
2024.0,-9.08785959810361
2025.0,-8.897262239567342
2026.0,-9.10114982111661
2027.0,-8.898971346941373
2028.0,-9.102986473817063
2029.0,-8.900935544968247
2030.0,-9.105078217170357
2031.0,-8.914015318192655
2032.0,-9.117450113833133
2033.0,-8.914831608281746
2034.0,-9.106710797348537
2035.0,-8.903384415235518
2036.0,-9.106251634173423
2037.0,-8.903052797386826
2038.0,-9.094338900685763
2039.0,-8.890406678272248
2040.0,-9.092655302377015
2041.0,-8.899685600769327
2042.0,-9.101200839247179
2043.0,-8.896650022000523
2044.0,-9.098292805804796
2045.0,-8.89386953388456
2046.0,-9.09563986301525
2047.0,-8.891344136421436
2048.0,-9.09324201087855
2049.0,-8.889073829611155
2050.0,-9.079390588429296
2051.0,-8.874489021534986
2052.0,-9.075768301158957
2053.0,-8.870968770525785
2054.0,-9.072350086410893
2055.0,-8.867652592038855
2056.0,-9.0691359441851
2057.0,-8.864540486074198
2058.0,-9.06612587448158
2059.0,-8.861632452631813
2060.0,-9.06331987730033
2061.0,-8.858928491711701
2062.0,-9.060717952641356
2063.0,-8.856428603313862
2064.0,-9.058320100504654
2065.0,-8.854132787438296
2066.0,-9.056126320890222
2067.0,-8.852041044085
2068.0,-9.054136613798065
2069.0,-8.85015337325398
2070.0,-9.05235097922818
2071.0,-8.848469774945231
2072.0,-9.050769417180568
2073.0,-8.846990249158754
2074.0,-9.049391927655227
2075.0,-8.845714795894551
2076.0,-9.048218510652159
2077.0,-8.844643415152621
2078.0,-9.047249166171365
2079.0,-8.843776106932962
2080.0,-9.046483894212843
2081.0,-8.843112871235576
2082.0,-9.045922694776593
2083.0,-8.842653708060464
2084.0,-9.045565567862617
2085.0,-8.842398617407623
2086.0,-9.045412513470911
2087.0,-8.842347599277055
2088.0,-9.04546353160148
2089.0,-8.853361138213454
2090.0,-9.055743684910961
2091.0,-8.852060175883965
2092.0,-9.054570267907893
2093.0,-8.851014304207318
2094.0,-9.053651941557668
2095.0,-8.850223523183512
2096.0,-9.052988705860281
2097.0,-8.849687832812547
2098.0,-9.052580560815738
2099.0,-8.849407233094423
2100.0,-9.052427506424033
2101.0,-8.849381724029136
2102.0,-9.05252954268517
2103.0,-8.849611305616694
2104.0,-9.052886669599147
2105.0,-8.850095977857093
2106.0,-9.053498887165961
2107.0,-8.850835740750329
2108.0,-9.05436619538562
2109.0,-8.85183059429641
2110.0,-9.055488594258122
2111.0,-8.853080538495327
2112.0,-9.05686608378346
2113.0,-8.854585573347089
2114.0,-9.058498663961643
2115.0,-8.856345698851689
2116.0,-9.060386334792662
2117.0,-8.858360915009131
2118.0,-9.050820435311135
2119.0,-8.848061629900688
2120.0,-9.051483671008523
2121.0,-8.848826901859209
2122.0,-9.05235097922818
2123.0,-8.849796246340002
2124.0,-9.05342235997011
2125.0,-8.85096966334307
2126.0,-9.054697813234315
2127.0,-8.852347152868411
2128.0,-9.05617733902079
2129.0,-8.853928714916023
2130.0,-9.05786093732954
2131.0,-8.855714349485908
2132.0,-9.059748608160561
2133.0,-8.868564541122758
2134.0,-9.071865414170494
2135.0,-8.869100231493725
2136.0,-9.07252864986788
2137.0,-8.869891012517531
2138.0,-9.073446976218108
2139.0,-8.870936884194178
2140.0,-9.074620393221174
2141.0,-8.872237846523666
2142.0,-9.076048900877083
2143.0,-8.873793899505996
2144.0,-9.077732499185831
2145.0,-8.875605043141164
2146.0,-9.07967118814742
2147.0,-8.877671277429174
2148.0,-9.081864967761852
2149.0,-8.879992602370026
2150.0,-9.084313838029122
2151.0,-8.882569017963716
2152.0,-9.087017798949235
2153.0,-8.88540052421025
2154.0,-9.089976850522186
2155.0,-8.88848712110962
2156.0,-9.09319099274798
2157.0,-8.891828808661835
2158.0,-9.084951564661225
2159.0,-8.882855994948162
2160.0,-9.086941271753382
2161.0,-8.884947738301456
2162.0,-9.089135051367814
2163.0,-8.887243554177022
2164.0,-9.079824242539125
2165.0,-8.877173850656133
2166.0,-9.080691550758784
2167.0,-8.878117686071645
2168.0,-9.081711913370148
2169.0,-8.87921457587886
2170.0,-9.082885330373214
2171.0,-8.88046452007778
2172.0,-9.084211801767985
2173.0,-8.892728003213097
2174.0,-9.084007729245714
2175.0,-8.880056375033234
2176.0,-9.082273112806396
2177.0,-8.87839828578977
2178.0,-9.080691550758784
2179.0,-8.876893250938009
2180.0,-9.079263043102877
2181.0,-8.875541270477953
2182.0,-9.077987589838672
2183.0,-8.874342344409602
2184.0,-9.076865190966172
2185.0,-8.873296472732955
2186.0,-9.075895846485379
2187.0,-8.872403655448013
2188.0,-9.075079556396288
2189.0,-8.882524377099468
2190.0,-9.084441383355543
2191.0,-8.88027957935447
2192.0,-9.082298621871683
2193.0,-8.878238854131746
2194.0,-9.08035993291009
2195.0,-8.876402201431292
2196.0,-9.078625316470776
2197.0,-8.874769621253112
2198.0,-9.07709477255373
2199.0,-8.873341113597203
2200.0,-9.075768301158957
2201.0,-8.872116678463568
2202.0,-9.07464590228646
2203.0,-8.871096315852204
2204.0,-9.073727575936232
2205.0,-8.870280025763115
2206.0,-9.07301332210828
2207.0,-8.88052829274099
2208.0,-9.082528203459237
2209.0,-8.87846205845298
2210.0,-9.080589514497648
2211.0,-8.876650914817812
2212.0,-9.0789059161889
2213.0,-8.875094861835482
2214.0,-9.07747740853299
2215.0,-8.873793899505994
2216.0,-9.076303991529924
2217.0,-8.872748027829347
2218.0,-9.075385665179697
2219.0,-8.871957246805541
2220.0,-9.07472242948231
2221.0,-8.871421556434575
2222.0,-9.062605623472377
2223.0,-8.858571364797724
2224.0,-9.060717952641355
2225.0,-8.85678573022784
2226.0,-9.059034354332606
2227.0,-8.855204168180228
2228.0,-9.057554828546131
2229.0,-8.853826678654887
2230.0,-9.056279375281926
2231.0,-8.85265326165182
2232.0,-9.055207994539998
2233.0,-8.851683917171025
2234.0,-9.054340686320337
2235.0,-8.861779129757197
2236.0,-9.063702513279594
2237.0,-8.859559841077482
2238.0,-9.061610769926297
2239.0,-8.857595643050608
2240.0,-9.059774117225844
2241.0,-8.855886535676577
2242.0,-9.058192555178232
2243.0,-8.854432518955385
2244.0,-9.05686608378346
2245.0,-8.864094077431727
2246.0,-9.065819765698171
2247.0,-8.861492152772751
2248.0,-9.0633708954309
2249.0,-8.859196336897185
2250.0,-9.061228133947036
2251.0,-8.857206629805027
2252.0,-9.059391481246584
2253.0,-8.85552303149628
2254.0,-9.057860937329538
2255.0,-8.854145541970937
2256.0,-9.056636502195904
2257.0,-8.863934645773702
2258.0,-9.065743238502318
2259.0,-8.861511284571714
2260.0,-9.06349844075732
2261.0,-8.859445050283703
2262.0,-9.061610769926299
2263.0,-8.85773594290967
2264.0,-9.060080226009255
2265.0,-8.856383962449614
2266.0,-9.047198148040799
2267.0,-8.84281951698481
2268.0,-9.04464724151239
2269.0,-8.851282149392802
2270.0,-9.052427506424033
2271.0,-8.847532316796043
2272.0,-9.04885623728426
2273.0,-8.84413961111326
2274.0,-9.045642095058469
2275.0,-8.841104032344457
2276.0,-9.042785079746654
2277.0,-8.838425580489627
2278.0,-9.040285191348813
2279.0,-8.836104255548777
2280.0,-9.038142429864953
2281.0,-8.834140057521903
2282.0,-9.036356795295067
2283.0,-8.832532986409007
2284.0,-9.034928287639158
2285.0,-8.831283042210089
2286.0,-9.033856906897228
2287.0,-8.84125070946984
2288.0,-9.043167715725913
2289.0,-8.83905692985541
2290.0,-9.041178008633755
2291.0,-8.837271295285523
2292.0,-9.039596446586144
2293.0,-8.835893805760184
2294.0,-9.038423029583077
2295.0,-8.834924461279389
2296.0,-9.037657757624553
2297.0,-8.845223746387834
2298.0,-9.047325693367219
2299.0,-8.85427308729736
2300.0,-9.055769193976245
2301.0,-8.851263017593837
2302.0,-9.053014214925565
2303.0,-8.848763129196
2304.0,-9.050769417180568
2305.0,-8.84677342210384
2306.0,-9.037326139775862
2307.0,-8.832724304398639
2308.0,-9.03436708820291
2309.0,-8.829994834413244
2310.0,-9.031867199805069
2311.0,-8.82772452760296
2312.0,-9.029826474582343
2313.0,-8.825913383967793
2314.0,-9.028244912534733
2315.0,-8.83542188805243
2316.0,-9.037147576318873
2317.0,-8.832870981524021
2318.0,-9.034851760443308
2319.0,-8.830830256301295
2320.0,-9.033066125873422
2321.0,-8.829299712384252
2322.0,-9.020082011643828
2323.0,-8.815709757854162
2324.0,-9.017582123245989
2325.0,-8.81343945104388
2326.0,-9.015541398023265
2327.0,-8.81162830740871
2328.0,-9.013959835975653
2329.0,-8.810276326948655
2330.0,-9.012837437103153
2331.0,-8.809383509663713
2332.0,-9.012174201405767
2333.0,-8.808949855553884
2334.0,-9.011970128883494
2335.0,-8.808975364619167
2336.0,-9.012225219536333
2337.0,-8.820320521404259
2338.0,-9.02296453602093
2339.0,-8.819606267576303
2340.0,-9.010796711880426
2341.0,-8.806832603135303
2342.0,-9.00911311357168
2343.0,-8.816239070958806
2344.0,-9.017913741094683
2345.0,-8.813586128169263
2346.0,-9.015515888957982
2347.0,-8.8114433666854
2348.0,-9.013628218126957
2349.0,-8.809810786507219
2350.0,-9.012250728601618
2351.0,-8.80868838763472
2352.0,-9.011383420381959
2353.0,-8.818936654612598
2354.0,-9.021051356124623
2355.0,-8.817176529107996
2356.0,-9.019571830338148
2357.0,-8.826838087584338
2358.0,-9.028678566644562
2359.0,-8.824542271708772
2360.0,-9.026688859552403
2361.0,-8.822858673400024
2362.0,-9.025311370027064
2363.0,-8.821787292658092
2364.0,-9.024546098068539
2365.0,-8.82132812948298
2366.0,-9.024393043676836
2367.0,-8.821481183874685
2368.0,-9.01314354588656
2369.0,-8.80967686391448
2370.0,-9.012480310189176
2371.0,-8.820154712479912
2372.0,-9.02240333658468
2373.0,-8.818675186693437
2374.0,-9.021229919581613
2375.0,-8.817807878473776
2376.0,-9.020668720145363
2377.0,-8.817552787820935
2378.0,-9.009011077310541
2379.0,-8.805340322816186
2380.0,-9.00793969656861
2381.0,-8.80454954179238
2382.0,-9.007429515262928
2383.0,-8.804319960204824
2384.0,-9.007480533393498
2385.0,-8.804651578053516
2386.0,-9.008092750960314
2387.0,-8.80554439533846
2388.0,-9.009266167963382
2389.0,-8.80699841205965
2390.0,-8.999292123437309
2391.0,-8.796444036298366
2392.0,-8.999853322873559
2393.0,-8.797260326387457
2394.0,-9.000924703615489
2395.0,-8.798586797782228
2396.0,-9.002506265663103
2397.0,-8.811283935027374
2398.0,-9.014623071673036
2399.0,-8.822833164334739
2400.0,-9.025617478810473
2401.0,-8.822425019290195
2402.0,-9.013806781583947
2403.0,-8.81005949989374
2404.0,-9.01258234645031
2405.0,-8.80911566447823
2406.0,-9.011919110752926
2407.0,-8.808733028498967
2408.0,-9.011817074491788
2409.0,-8.81977207650065
2410.0,-9.022301300323543
2411.0,-8.829714234695118
2412.0,-9.031714145413366
2413.0,-8.827750036668242
2414.0,-9.030081565235186
2415.0,-8.826449074338754
2416.0,-9.02911222075439
2417.0,-8.825811347706656
2418.0,-9.02880611197098
2419.0,-8.825836856771938
2420.0,-9.01745457791957
2421.0,-8.813956009615882
2422.0,-9.016740324091614
2423.0,-8.813547864571337
2424.0,-9.016638287830476
2425.0,-8.81375193709361
2426.0,-9.017148469136162
2427.0,-8.814568227182699
2428.0,-9.01827086800866
2429.0,-8.815996734838608
2430.0,-9.008296823482588
2431.0,-8.8163283526873
2432.0,-9.007225442740655
2433.0,-8.813853973354746
2434.0,-9.015056725782866
2435.0,-8.810282704214977
2436.0,-9.011791565426504
2437.0,-8.807323652642022
2438.0,-9.00913862263696
2439.0,-8.815837303180583
2440.0,-9.017122960070877
2441.0,-8.8124445974978
2442.0,-9.014061872236788
2443.0,-8.809715127512405
2444.0,-9.011664020100087
2445.0,-8.807648893224394
2446.0,-9.009929403660767
2447.0,-8.80624589463377
2448.0,-8.997149361953447
2449.0,-8.792936539821806
2450.0,-8.995006600469585
2451.0,-8.791099887121351
2452.0,-8.99347605655254
2453.0,-8.789875451987717
2454.0,-8.992557730202314
2455.0,-8.800123718965594
2456.0,-9.002276684075547
2457.0,-8.79846562972213
2458.0,-9.000950212680776
2459.0,-8.797470776176048
2460.0,-9.00028697698339
2461.0,-8.797139158327358
2462.0,-9.000286976983388
2463.0,-8.79747077617605
2464.0,-9.000950212680774
2465.0,-8.79846562972213
2466.0,-9.002276684075547
2467.0,-8.810984203510289
2468.0,-9.014291453824343
2469.0,-8.811647439207675
2470.0,-9.003603155470318
2471.0,-8.800455336814288
2472.0,-9.003603155470318
2473.0,-8.80078695466298
2474.0,-9.004266391167704
2475.0,-8.801781808209059
2476.0,-8.993884201597085
2477.0,-8.790870305533797
2478.0,-8.994139292249926
2479.0,-8.791431504970046
2480.0,-8.995006600469585
2481.0,-8.792604921973115
2482.0,-8.996486126256062
2483.0,-8.805251041087693
2484.0,-9.008602932265996
2485.0,-8.816851288525624
2486.0,-9.007990714699178
2487.0,-8.814887090498749
2488.0,-9.016383197177637
2489.0,-8.811928038925798
2490.0,-9.002072611553276
2491.0,-8.797113649262073
2492.0,-8.998450324282935
2493.0,-8.793822979840428
2494.0,-8.995491272709984
2495.0,-8.79119554611617
2496.0,-8.993195456834416
2497.0,-8.789231348089295
2498.0,-8.991562876656236
2499.0,-8.78793038575981
2500.0,-8.99059353217544
2501.0,-8.787292659127706
2502.0,-8.990287423392033
2503.0,-8.78731816819299
2504.0,-8.978935889340619
2505.0,-8.786297805581627
2506.0,-8.988246698169306
2507.0,-8.784231571293617
2508.0,-8.986512081729991
2509.0,-8.793689057247686
2510.0,-8.995465763644697
2511.0,-8.791291205110983
2512.0,-8.993425038421973
2513.0,-8.789607606802235
2514.0,-8.992098567027202
2515.0,-8.788638262321442
2516.0,-8.991486349460382
2517.0,-8.788383171668599
2518.0,-8.991588385721519
2519.0,-8.799702819388408
2520.0,-9.00242973846725
2521.0,-8.799218147148009
2522.0,-9.002327702206113
2523.0,-8.799498746866133
2524.0,-9.002990937903501
2525.0,-8.800544618542782
2526.0,-9.004419445559408
2527.0,-8.813216246722645
2528.0,-9.01663828783048
2529.0,-8.81413457307287
2530.0,-9.006256098259861
2531.0,-8.80329959759346
2532.0,-8.994955582339017
2533.0,-8.791520786698541
2534.0,-8.994394382902767
2535.0,-8.791316714176268
2536.0,-8.994547437294472
2537.0,-8.802687380026644
2538.0,-9.00543980817077
2539.0,-8.802253725916813
2540.0,-9.005388790040204
2541.0,-8.802585343765505
2542.0,-8.994394382902767
2543.0,-8.791112641653996
2544.0,-8.982430631284538
2545.0,-8.778645085996406
2546.0,-8.981155178020336
2547.0,-8.777701250580893
2548.0,-8.980542960453516
2549.0,-8.77742065086277
2550.0,-8.980593978584084
2551.0,-8.788663771386725
2552.0,-8.991333295068678
2553.0,-8.788051553819907
2554.0,-8.991078204415839
2555.0,-8.788153590081045
2556.0,-8.991537367590952
2557.0,-8.788969880170132
2558.0,-8.992710784594019
2559.0,-8.790500424087178
2560.0,-8.994598455425042
2561.0,-8.792745221832176
2562.0,-8.997200380084017
2563.0,-8.795704273405129
2564.0,-8.988807897605556
2565.0,-8.797668471432
2566.0,-8.989420115172372
2567.0,-8.796928708538763
2568.0,-8.99903703278447
2569.0,-8.806054576644144
2570.0,-9.007684605915767
2571.0,-8.803376124789313
2572.0,-8.993680129074814
2573.0,-8.78889335297428
2574.0,-8.990414968718452
2575.0,-8.785985319531894
2576.0,-8.987864062190043
2577.0,-8.794652024462161
2578.0,-8.996052472146232
2579.0,-8.791514409432217
2580.0,-8.993297493095554
2581.0,-8.7891420663608
2582.0,-8.991307786003395
2583.0,-8.787534995247906
2584.0,-8.99008335086976
2585.0,-8.78669319609353
2586.0,-8.989624187694647
2587.0,-8.797477153442372
2588.0,-8.988246698169306
2589.0,-8.794798701587544
2590.0,-8.995975944950379
2591.0,-8.791227432447775
2592.0,-8.992812820855155
2593.0,-8.788472453397093
2594.0,-8.99046598684902
2595.0,-8.786533764435505
2596.0,-8.988935442931977
2597.0,-8.785411365563004
2598.0,-8.988221189104022
2599.0,-8.795965741324288
2600.0,-8.98663962705641
2601.0,-8.793108726012475
2602.0,-8.994215819445778
2603.0,-8.789409911546283
2604.0,-8.990950659089417
2605.0,-8.797438889844445
2606.0,-8.998577869609356
2607.0,-8.793816602574104
2608.0,-8.99541474551413
2609.0,-8.791112641653996
2610.0,-8.993169947769132
2611.0,-8.789327007084111
2612.0,-8.99184347637436
2613.0,-8.78845969886445
2614.0,-8.991435331329816
2615.0,-8.78851071699502
2616.0,-8.980236851670107
2617.0,-8.776910469557087
2618.0,-8.968222081921308
2619.0,-8.764468422964782
2620.0,-8.955340003952852
2621.0,-8.751133559087531
2622.0,-8.953248260599558
2623.0,-8.760284936258195
2624.0,-8.961946851861429
2625.0,-8.757683011599218
2626.0,-8.959753072246999
2627.0,-8.755897377029331
2628.0,-8.958375582721658
2629.0,-8.754928032548538
2630.0,-8.957814383285408
2631.0,-8.754774978156835
2632.0,-8.958069473938249
2633.0,-8.766298698398913
2634.0,-8.96916591733682
2635.0,-8.766120134941927
2636.0,-8.969421007989661
2637.0,-8.777669364249288
2638.0,-8.968859808553411
2639.0,-8.764997736069425
2640.0,-8.967482319028072
2641.0,-8.764053900653916
2642.0,-8.955263476757002
2643.0,-8.751407781539335
2644.0,-8.953885987231661
2645.0,-8.750438437058541
2646.0,-8.953324787795411
2647.0,-8.750285382666835
2648.0,-8.953579878448252
2649.0,-8.750948618364223
2650.0,-8.954651259190182
2651.0,-8.752428144150702
2652.0,-8.944830269055815
2653.0,-8.74215436810754
2654.0,-8.94579961353661
2655.0,-8.743506348567594
2656.0,-8.947534229975927
2657.0,-8.745623600986173
2658.0,-8.950034118373766
2659.0,-8.748506125363273
2660.0,-8.941590617764739
2661.0,-8.739584329780168
2662.0,-8.943886433640307
2663.0,-8.742237272569714
2664.0,-8.946896503343824
2665.0,-8.74560446918721
2666.0,-8.950620826875298
2667.0,-8.749685919632661
2668.0,-8.955059404234726
2669.0,-8.765342108450762
2670.0,-8.958528637113362
2671.0,-8.767484869934624
2672.0,-8.971053588167843
2673.0,-8.768683796002977
2674.0,-8.972635150215455
2675.0,-8.78150847857454
2676.0,-8.985007046878229
2677.0,-8.782579859316472
2678.0,-8.986486572664706
2679.0,-8.784467530147493
2680.0,-8.988782388540272
2681.0,-8.798031975612298
2682.0,-9.00191955716157
2683.0,-8.799894137378038
2684.0,-8.992506712071746
2685.0,-8.790054015444706
2686.0,-8.993935219727653
2687.0,-8.791890668145161
2688.0,-8.996180017472652
2689.0,-8.805404095479396
2690.0,-9.009266167963382
2691.0,-8.807215239114567
2692.0,-9.01151096570838
2693.0,-8.809893690969393
2694.0,-9.014623071673038
2695.0,-8.824299935588574
2696.0,-9.028627548513994
2697.0,-8.827054914639255
2698.0,-9.020133029774396
2699.0,-8.818158628121433
2700.0,-9.01082222094571
2701.0,-8.80842054244924
2702.0,-9.000644103897365
2703.0,-8.797789639492102
2704.0,-9.001256321464181
2705.0,-8.798784493038182
2706.0,-9.002633810989524
2707.0,-8.811405103087475
2708.0,-9.014801635130025
2709.0,-8.823132895851828
2710.0,-9.014393490085482
2711.0,-8.821449297543078
2712.0,-9.023143099477917
2713.0,-8.829784384624649
2714.0,-9.031076418781263
2715.0,-8.826468206137719
2716.0,-9.028219403469448
2717.0,-8.834930838545711
2718.0,-9.036305777164497
2719.0,-8.831793223515769
2720.0,-9.021944173409565
2721.0,-8.817055361047895
2722.0,-9.006817297696111
2723.0,-8.812387202100911
2724.0,-9.012607855515595
2725.0,-8.80692826213012
2726.0,-9.007608078719917
2727.0,-8.813248133054248
2728.0,-9.013551690931108
2729.0,-8.81882824108514
2730.0,-9.018781049314342
2731.0,-8.812859119808667
2732.0,-9.00161344837816
2733.0,-8.79534076922483
2734.0,-8.983731593614026
2735.0,-8.78794314029245
2736.0,-8.986818190513397
2737.0,-8.779805748466831
2738.0,-8.967456809962787
2739.0,-8.770928593747973
2740.0,-8.969063881075682
2741.0,-8.761311676135877
2742.0,-8.959931635703986
2743.0,-8.752664103004577
2744.0,-8.951768734813085
2745.0,-8.744985874354072
2746.0,-8.944575178402975
2747.0,-8.73827699018436
2748.0,-8.93835096647366
2749.0,-8.732537450495444
2750.0,-8.933096099025143
2751.0,-8.72776725528732
2752.0,-8.928810576057417
2753.0,-8.723966404559995
2754.0,-8.925494397570487
2755.0,-8.721134898313464
2756.0,-8.911438902598963
2757.0,-8.706703144629
2758.0,-8.908326796634308
2759.0,-8.704050201839456
2760.0,-8.906133017019876
2761.0,-8.702315585400138
2762.0,-8.904857563755673
2763.0,-8.70149929531105
2764.0,-8.904500436841698
2765.0,-8.71246181611688
2766.0,-8.9033780379692
2767.0,-8.69925449756605
2768.0,-8.901490367138177
2769.0,-8.697825989910143
2770.0,-8.888812361691993
2771.0,-8.684746216685735
2772.0,-8.887026727122107
2773.0,-8.683394236225677
2774.0,-8.88610840077188
2775.0,-8.693770048529975
2776.0,-8.896082445297951
2777.0,-8.692494595265773
2778.0,-8.895266155208862
2779.0,-8.692137468351794
2780.0,-8.89536819147
2781.0,-8.692698667788042
2782.0,-8.896388554081362
2783.0,-8.694178193574519
2784.0,-8.898327243042953
2785.0,-8.696576045711222
2786.0,-8.90118425835477
2787.0,-8.699892224198152
2788.0,-8.90495960001681
2789.0,-8.704126729035307
2790.0,-8.90965326802908
2791.0,-8.709279560222692
2792.0,-8.915265262391577
2793.0,-8.715350717760302
2794.0,-8.921795583104297
2795.0,-8.722340201648136
2796.0,-8.929244230167246
2797.0,-8.730248011886198
2798.0,-8.937611203580422
2799.0,-8.74993463301918
2800.0,-8.956921566000466
2801.0,-8.75802100671423
2802.0,-8.953783950970525
2803.0,-8.754507132971352
2804.0,-8.949881063982062
2805.0,-8.750202478204663
2806.0,-8.956870547869896
2807.0,-8.75762561620233
2808.0,-8.953018679012004
2809.0,-8.753346470500926
2810.0,-8.960008162899836
2811.0,-8.771604583978
2812.0,-8.977838999533406
2813.0,-8.778160413756009
2814.0,-8.973119822455851
2815.0,-8.773013959834945
2816.0,-8.979241998124028
2817.0,-8.779544280547666
2818.0,-8.986180463881297
2819.0,-8.797751375894174
2820.0,-9.003960282384295
2821.0,-8.804256187541613
2822.0,-8.999190087176173
2823.0,-8.799058715489984
2824.0,-9.005261244713784
2825.0,-8.805538018072138
2826.0,-9.01214869234048
2827.0,-8.812833610743382
2828.0,-9.008143769090884
2829.0,-8.808375901584991
2830.0,-9.014929180456445
2831.0,-8.815543948929815
2832.0,-9.02247986378053
2833.0,-8.834337752777857
2834.0,-9.04082088171978
2835.0,-8.841378254796261
2836.0,-9.048269528782729
2837.0,-8.849235046903754
2838.0,-9.056534465934769
2839.0,-8.868768613645033
2840.0,-9.063932094867148
2841.0,-8.864030304768516
2842.0,-9.05875375461448
2843.0,-8.858399178607058
2844.0,-9.052657088011589
2845.0,-8.851824217030087
2846.0,-9.0455910769279
2847.0,-8.844254401907039
2848.0,-9.049213364198241
2849.0,-8.84820830702607
2850.0,-9.041790226200574
2851.0,-8.84025585592376
2852.0,-9.045004368426367
2853.0,-8.843776106932962
2854.0,-9.048830728218977
2855.0,-8.847908575508981
2856.0,-9.041560644613016
2857.0,-8.850944154277787
2858.0,-9.054901885756589
2859.0,-8.852882843239378
2860.0,-9.045438022536196
2861.0,-8.85372464239375
2862.0,-9.044876823099948
2863.0,-8.840899959822185
2864.0,-9.043193224791198
2865.0,-8.850357445776254
2866.0,-9.052095888575339
2867.0,-8.858718041923108
2868.0,-9.04821851065216
2869.0,-8.842602689929896
2870.0,-9.04326975198705
2871.0,-8.837960040048193
2872.0,-9.02722454992337
2873.0,-8.821360015814584
2874.0,-9.021765609952578
2875.0,-8.816181675561918
2876.0,-9.016867869418036
2877.0,-8.8115645347455
2878.0,-9.012531328319742
2879.0,-8.807508593365334
2880.0,-9.0087559866577
2881.0,-8.804013851421415
2882.0,-9.005541844431908
2883.0,-8.801080308913747
2884.0,-9.002888901642363
2885.0,-8.798707965842329
2886.0,-9.00079715828907
2887.0,-8.807757306751853
2888.0,-9.009291677028667
2889.0,-8.815709757854162
2890.0,-9.01671481502633
2891.0,-8.811755852735132
2892.0,-9.013092527755992
2893.0,-8.819325667858179
2894.0,-9.020158538839679
2895.0,-8.815040144890455
2896.0,-9.016230142785934
2897.0,-8.822329360295381
2898.0,-9.011332402251393
2899.0,-8.816105148366065
2900.0,-9.015490379892695
2901.0,-8.80893710102124
2902.0,-9.008704968527132
2903.0,-8.813394810179632
2904.0,-9.01270989177673
2905.0,-8.806099217508388
2906.0,-9.005822444150033
2907.0,-8.810480399470928
2908.0,-8.998067688303674
2909.0,-8.790589705815671
2910.0,-8.989445624237657
2911.0,-8.7823757867942
2912.0,-8.98163985026073
2913.0,-8.77497815786182
2914.0,-8.974650366372897
2915.0,-8.76839681901853
2916.0,-8.96847717257415
2917.0,-8.762631770264328
2918.0,-8.963120268864495
2919.0,-8.75768301159922
2920.0,-8.95857965524393
2921.0,-8.764411027567892
2922.0,-8.964880394369095
2923.0,-8.759436759837499
2924.0,-8.960339780748532
2925.0,-8.766190284871458
2926.0,-8.966691538004264
2927.0,-8.761292544336914
2928.0,-8.962252960644836
2929.0,-8.757313130152598
2930.0,-8.958732709635635
2931.0,-8.75425204231851
2932.0,-8.944422124011268
2933.0,-8.739539688915924
2934.0,-8.941003909263204
2935.0,-8.736555128277686
2936.0,-8.938453002734798
2937.0,-8.745298360403801
2938.0,-8.94679446708269
2939.0,-8.75325081150611
2940.0,-8.95437065947206
2941.0,-8.760463499715183
2942.0,-8.961232598033472
2943.0,-8.766987443161582
2944.0,-8.955722639932114
2945.0,-8.760304068057158
2946.0,-8.95957450879001
2947.0,-8.763843450865322
2948.0,-8.962814160081086
2949.0,-8.755935640627257
2950.0,-8.955467549279273
2951.0,-8.749150229261698
2952.0,-8.93753467638457
2953.0,-8.730917624849905
2954.0,-8.930698246888436
2955.0,-8.724616885724739
2956.0,-8.924933198134239
2957.0,-8.730248011886198
2958.0,-8.93026459277861
2959.0,-8.72443194500143
2960.0,-8.925009725330092
2961.0,-8.730598761533853
2962.0,-8.93090231941071
2963.0,-8.736229887695313
2964.0,-8.93628473218565
2965.0,-8.741376341616373
2966.0,-8.929499320820087
2967.0,-8.733519549508882
2968.0,-8.93227980893605
2969.0,-8.725229103291555
2970.0,-8.924627089350828
2971.0,-8.718214110338439
2972.0,-8.906541162064421
2973.0,-8.71076546327549
2974.0,-8.90972979522493
2975.0,-8.713743646647405
2976.0,-8.912510283340895
2977.0,-8.716339194040057
2978.0,-8.914933644542883
2979.0,-8.707742639039324
2980.0,-8.90702583430482
2981.0,-8.700523573563933
2982.0,-8.900495513592098
2983.0,-8.69468199761388
2984.0,-8.895342682404715
2985.0,-8.701078395733862
2986.0,-8.901592403399311
2987.0,-8.707194194135717
2988.0,-8.90758703374107
2989.0,-8.702219926405323
2990.0,-8.891643867938525
2991.0,-8.697016077087373
2992.0,-8.897179335105166
2993.0,-8.702443130726559
2994.0,-8.890802068784149
2995.0,-8.684261544445336
2996.0,-8.884220729940859
2997.0,-8.678419968495284
2998.0,-8.867410255918657
2999.0,-8.661488326412979
3000.0,-8.850344691243613
3001.0,-8.644276084612553
3002.0,-8.844681678750547
3003.0,-8.63930181688216
3004.0,-8.840396155782821
3005.0,-8.635705038677104
3006.0,-8.837488122340437
3007.0,-8.644346234542084
3008.0,-8.845982641080033
3009.0,-8.641846346144245
3010.0,-8.844197006510148
3011.0,-8.640774965402313
3012.0,-8.843839879596171
3013.0,-8.651992576860987
3014.0,-8.854936322994744
3015.0,-8.662980606732098
3016.0,-8.865828693871043
3017.0,-8.662929588601529
3018.0,-8.866542947699
3019.0,-8.6752695989327
3020.0,-8.867104147135247
3021.0,-8.66405198747403
3022.0,-8.855803631214402
3023.0,-8.663516297103065
3024.0,-8.866032766393316
3025.0,-8.673662527819806
3026.0,-8.864400186215134
3027.0,-8.660251136746703
3028.0,-8.86261455164525
3029.0,-8.670091258680033
3030.0,-8.860675862683662
3031.0,-8.656373758823525
3032.0,-8.846875458364977
3033.0,-8.642477695510028
3034.0,-8.844579642489412
3035.0,-8.640921642527697
3036.0,-8.832054691434932
3037.0,-8.628275523413118
3038.0,-8.830983310693002
3039.0,-8.627918396499144
3040.0,-8.819631776641588
3041.0,-8.616420185322346
3042.0,-8.819682794772156
3043.0,-8.617159948215587
3044.0,-8.821111302428063
3045.0,-8.619277200634162
3046.0,-8.823917299609313
3047.0,-8.62277194257808
3048.0,-8.8281007863159
3049.0,-8.63850465859203
3050.0,-8.84368682520447
3051.0,-8.643096290343166
3052.0,-8.848992710783556
3053.0,-8.649116429750208
3054.0,-8.84401844305316
3055.0,-8.643995484894427
3056.0,-8.850446727504746
3057.0,-8.661972998653379
3058.0,-8.856568903172924
3059.0,-8.667100320775479
3060.0,-8.872410032714333
3061.0,-8.67194704317945
3062.0,-8.877971008946261
3063.0,-8.678222273239331
3064.0,-8.884960492834098
3065.0,-8.696786495499815
3066.0,-8.903403547034483
3067.0,-8.704260651628049
3068.0,-8.91161746605595
3069.0,-8.713214333542759
3070.0,-8.909602249898512
3071.0,-8.721938433869914
3072.0,-8.917357005744869
3073.0,-8.717863360690782
3074.0,-8.913148009972996
3075.0,-8.713507687793527
3076.0,-8.908632905417717
3077.0,-8.708820397047578
3078.0,-8.903760673948458
3079.0,-8.714610954867062
3080.0,-8.908505360091295
3081.0,-8.70744928478856
3082.0,-8.912841901189589
3083.0,-8.71242355251895
3084.0,-8.918453895552085
3085.0,-8.729533758058244
3086.0,-8.935366405835426
3087.0,-8.73540084307358
3088.0,-8.941896726548146
3089.0,-8.74259439948369
3090.0,-8.938044857690251
3091.0,-8.749405319914537
3092.0,-8.955518567409841
3093.0,-8.755833604366122
3094.0,-8.950901426593424
3095.0,-8.761879252838447
3096.0,-8.955901203389102
3097.0,-8.754972673412787
3098.0,-8.948784174174847
3099.0,-8.747632439877293
3100.0,-8.941207981785476
3101.0,-8.750668018646097
3102.0,-8.954855331712457
3103.0,-8.7640794097192
3104.0,-8.96804351846432
3105.0,-8.77705714668247
3106.0,-8.96911489920625
3107.0,-8.777082655747757
3108.0,-8.96809453659489
3109.0,-8.764155936915051
3110.0,-8.954957367973591
3111.0,-8.750795563972517
3112.0,-8.95306969714257
3113.0,-8.749520110708316
3114.0,-8.952406461445184
3115.0,-8.749469092577746
3116.0,-8.952967660881434
3117.0,-8.76150299412551
3118.0,-8.95306969714257
3119.0,-8.760533649644712
3120.0,-8.951028971919845
3121.0,-8.746561059135363
3122.0,-8.948529083522004
3123.0,-8.755533872849036
3124.0,-8.945570031949053
3125.0,-8.74064295598946
3126.0,-8.930443156235599
3127.0,-8.725267366889483
3128.0,-8.92651476018185
3129.0,-8.721925679337271
3130.0,-8.92375978113117
3131.0,-8.730617893332816
3132.0,-8.9322032817402
3133.0,-8.738825435087968
3134.0,-8.940187619174115
3135.0,-8.735738838188595
3136.0,-8.937738748906842
3137.0,-8.733927694553426
3138.0,-8.936565331903775
3139.0,-8.744252488727154
3140.0,-8.934983769856162
3141.0,-8.741625055002894
3142.0,-8.943019125420646
3143.0,-8.74947546984407
3144.0,-8.950697354071151
3145.0,-8.756994266836548
3146.0,-8.946360812972857
3147.0,-8.751662872192176
3148.0,-8.94003456478241
3149.0,-8.744341770455648
3150.0,-8.94342727046519
3151.0,-8.736740069000994
3152.0,-8.924831161873103
3153.0,-8.728857767828217
3154.0,-8.927662668119636
3155.0,-8.731555351482008
3156.0,-8.918530422747935
3157.0,-8.710593277084818
3158.0,-8.897434425758009
3159.0,-8.700211087514202
3160.0,-8.897766043606703
3161.0,-8.68954829822546
3162.0,-8.876108847180523
3163.0,-8.6677444246739
3164.0,-8.865854202936328
3165.0,-8.658178525192373
3166.0,-8.85697704821747
3167.0,-8.649990115236186
3168.0,-8.84947738302395
3169.0,-8.654039679350033
3170.0,-8.853380270012416
3171.0,-8.646948159201061
3172.0,-8.847003003691396
3173.0,-8.641285146707997
3174.0,-8.842054245026286
3175.0,-8.63705064187084
3176.0,-8.838533994017086
3177.0,-8.634244644689591
3178.0,-8.836442250663792
3179.0,-8.643727639708946
3180.0,-8.845804077623047
3181.0,-8.642120568596049
3182.0,-8.833228108437998
3183.0,-8.640283915895598
3184.0,-8.842130772222138
3185.0,-8.638217681607586
3186.0,-8.840804300827367
3187.0,-8.648491457650746
3188.0,-8.850982417875713
3189.0,-8.647726185692225
3190.0,-8.839273756910323
3191.0,-8.63592186573202
3192.0,-8.827361023422661
3193.0,-8.623887964184258
3194.0,-8.826901860247549
3195.0,-8.635003539381792
3196.0,-8.837896267384984
3197.0,-8.645889532991772
3198.0,-8.836977941034757
3199.0,-8.644027371226036
3200.0,-8.845880604818898
3201.0,-8.652847130548002
3202.0,-8.854630214211337
3203.0,-8.661539344543549
3204.0,-8.851569126377246
3205.0,-8.657585439424519
3206.0,-8.85843106493866
3207.0,-8.664415491654326
3208.0,-8.86524198536951
3209.0,-8.671220034818854
3210.0,-8.872052905800354
3211.0,-8.678050087048664
3212.0,-8.867206183396382
3213.0,-8.6723870745556
3214.0,-8.872435541779616
3215.0,-8.677661073803083
3216.0,-8.87776693642399
3217.0,-8.672202133832291
3218.0,-8.861517661838034
3219.0,-8.666870739187921
3220.0,-8.867104147135246
3221.0,-8.66166688986997
3222.0,-8.862818624167522
3223.0,-8.658299693252472
3224.0,-8.848661092934861
3225.0,-8.644199557416702
3226.0,-8.846314258928727
3227.0,-8.653606025240203
3228.0,-8.844069461183729
3229.0,-8.650570446471399
3230.0,-8.851951762356508
3231.0,-8.658522897573707
3232.0,-8.859987117920992
3233.0,-8.666653912133006
3234.0,-8.856517885042356
3235.0,-8.651584431816438
3236.0,-8.841544063720605
3237.0,-8.636693514956864
3238.0,-8.826723296790561
3239.0,-8.6327906279684
3240.0,-8.822029628778292
3241.0,-8.627306178932322
3242.0,-8.827463059683799
3243.0,-8.62194927522267
3244.0,-8.823024482324369
3245.0,-8.618429024213468
3246.0,-8.820422557665394
3247.0,-8.627605910449413
3248.0,-8.829682348363512
3249.0,-8.62610087559765
3250.0,-8.817412487961873
3251.0,-8.613913919658186
3252.0,-8.80529568195194
3253.0,-8.612714993589833
3254.0,-8.81501463582517
3255.0,-8.622504097392598
3256.0,-8.813177983124717
3257.0,-8.61990217273362
3258.0,-8.82151944747261
3259.0,-8.617478811531637
3260.0,-8.820039921686133
3261.0,-8.627803605705363
3262.0,-8.830473129387318
3263.0,-8.63835798146665
3264.0,-8.829452766775956
3265.0,-8.625762880482638
3266.0,-8.816978833852044
3267.0,-8.624257845630877
3268.0,-8.826442697072434
3269.0,-8.633842876911366
3270.0,-8.836161650945668
3271.0,-8.63284802336529
3272.0,-8.824452989980278
3273.0,-8.632133769537335
3274.0,-8.823024482324369
3275.0,-8.619130523508778
3276.0,-8.810142404355913
3277.0,-8.606356859067779
3278.0,-8.797464398909726
3279.0,-8.604622242628464
3280.0,-8.79496451051189
3281.0,-8.601357082272102
3282.0,-8.790934078197006
3283.0,-8.596561377998695
3284.0,-8.79708176293047
3285.0,-8.591944237182279
3286.0,-8.781699796564173
3287.0,-8.587505659822849
3288.0,-8.776495947246222
3289.0,-8.581536538546377
3290.0,-8.781470214976617
3291.0,-8.586606465271586
3292.0,-8.774939894263893
3293.0,-8.579336381665627
3294.0,-8.778638708730083
3295.0,-8.583156364191915
3296.0,-8.782592613849113
3297.0,-8.587256946436332
3298.0,-8.786852627751554
3299.0,-8.59168914652944
3300.0,-8.791469768567971
3301.0,-8.596503982601808
3302.0,-8.784786393463547
3303.0,-8.589182880865279
3304.0,-8.788536226060305
3305.0,-8.593155917783273
3306.0,-8.792745221832176
3307.0,-8.597613626941666
3308.0,-8.79746439890973
3309.0,-8.602607026471022
3310.0,-8.802744775423532
3311.0,-8.608187134501911
3312.0,-8.796928708538763
3313.0,-8.601835377246177
3314.0,-8.801749921877454
3315.0,-8.596121346622546
3316.0,-8.785500647291501
3317.0,-8.591045042631015
3318.0,-8.791597313894393
3319.0,-8.59746694981628
3320.0,-8.786648555229283
3321.0,-8.59200800984549
3322.0,-8.792388094918197
3323.0,-8.598098299182062
3324.0,-8.798841888435069
3325.0,-8.60492835141187
3326.0,-8.806060953910462
3327.0,-8.61254918466549
3328.0,-8.802387648509553
3329.0,-8.608442225154754
3330.0,-8.79784703488899
3331.0,-8.603467957424357
3332.0,-8.792439113048767
3333.0,-8.597626381474306
3334.0,-8.786163882988886
3335.0,-8.590917497304593
3336.0,-8.779021344709346
3337.0,-8.572480820370531
3338.0,-8.760986435553507
3339.0,-8.554834924460275
3340.0,-8.743716798356187
3341.0,-8.548789275987948
3342.0,-8.737186477643467
3343.0,-8.530913798490136
3344.0,-8.71966174979331
3345.0,-8.524587550299685
3346.0,-8.712825320297176
3347.0,-8.50638045495318
3348.0,-8.694943465533042
3349.0,-8.499671570783468
3350.0,-8.699407551957757
3351.0,-8.504460897790553
3352.0,-8.692826213114463
3353.0,-8.49736937764158
3354.0,-8.6969331726252
3355.0,-8.501827086799972
3356.0,-8.70175438596389
3357.0,-8.507024558851601
3358.0,-8.707340871261101
3359.0,-8.51301281192704
3360.0,-8.702034985682015
3361.0,-8.496412787693428
3362.0,-8.685836729226628
3363.0,-8.480603544483623
3364.0,-8.670403744729764
3365.0,-8.465534064167057
3366.0,-8.655685014060856
3367.0,-8.462013813157855
3368.0,-8.66336324271136
3369.0,-8.470042791456018
3370.0,-8.67175572518982
3371.0,-8.467951048102725
3372.0,-8.659179756004772
3373.0,-8.466599067642669
3374.0,-8.657343103304319
3375.0,-8.453417258157124
3376.0,-8.65622070443182
3377.0,-8.453493785352975
3378.0,-8.657496157696025
3379.0,-8.455968164685531
3380.0,-8.649460802131541
3381.0,-8.459131288780757
3382.0,-8.663822405886476
3383.0,-8.473843642183345
3384.0,-8.67889826346936
3385.0,-8.489295758479171
3386.0,-8.68303073204538
3387.0,-8.482108579335383
3388.0,-8.676219811614533
3389.0,-8.486521647629528
3390.0,-8.68014820766828
3391.0,-8.489965371442878
3392.0,-8.694815920206622
3393.0,-8.494148858149467
3394.0,-8.688515181081454
3395.0,-8.499072107749294
3396.0,-8.692953758440884
3397.0,-8.503026012868325
3398.0,-8.708131652284907
3399.0,-8.518580165425288
3400.0,-8.712366157122062
3401.0,-8.52235550708733
3402.0,-8.715682335608994
3403.0,-8.525212522399146
3404.0,-8.729788848711086
3405.0,-8.539720803279462
3406.0,-8.733002990936878
3407.0,-8.542501291395425
3408.0,-8.747058485908402
3409.0,-8.546123578665764
3410.0,-8.751956226442944
3411.0,-8.563157257009204
3412.0,-8.757721275197145
3413.0,-8.568514160718857
3414.0,-8.762670033862255
3415.0,-8.573054774339422
3416.0,-8.766802502438273
3417.0,-8.576779097870899
3418.0,-8.781827341890592
3419.0,-8.592256723232007
3420.0,-8.78606184672775
3421.0,-8.596108592089902
3422.0,-8.789531079606382
3423.0,-8.588334704444582
3424.0,-8.782209977869854
3425.0,-8.592314118628899
3426.0,-8.785781247009623
3427.0,-8.595477242724122
3428.0,-8.788536226060305
3429.0,-8.597824076730259
3430.0,-8.790474915021894
3431.0,-8.5993546206473
3432.0,-8.791597313894393
3433.0,-8.600068874475257
3434.0,-8.7919034226778
3435.0,-8.599966838214119
3436.0,-8.79139324137212
3437.0,-8.599048511863893
3438.0,-8.790066769977347
3439.0,-8.597313895424577
3440.0,-8.787924008493485
3441.0,-8.59476298889617
3442.0,-8.784964956920534
3443.0,-8.591395792278671
3444.0,-8.781189615258493
3445.0,-8.587212305572082
3446.0,-8.776597983507358
3447.0,-8.582212528776404
3448.0,-8.782898722632524
3449.0,-8.57810556926567
3450.0,-8.768384064485886
3451.0,-8.574891427039876
3452.0,-8.764761777215549
3453.0,-8.570860994724994
3454.0,-8.760323199856119
3455.0,-8.566014272321018
3456.0,-8.7550683324076
3457.0,-8.560351259827955
3458.0,-8.74899717486999
3459.0,-8.5538719572458
3460.0,-8.742109727243294
3461.0,-8.546576364574555
3462.0,-8.734405989527502
3463.0,-8.53846448181422
3464.0,-8.725885961722621
3465.0,-8.518675824420102
3466.0,-8.70652458117201
3467.0,-8.510589450725051
3468.0,-8.69800455336713
3469.0,-8.501635768810342
3470.0,-8.70032587830798
3471.0,-8.493523886050006
3472.0,-8.69348944881185
3473.0,-8.498823394362772
3474.0,-8.687520327535378
3475.0,-8.492446128041754
3476.0,-8.692443577135203
3477.0,-8.497822163550373
3478.0,-8.686576492119867
3479.0,-8.480711958011081
3480.0,-8.681627733454755
3481.0,-8.477064161675461
3482.0,-8.667572238483233
3483.0,-8.474309182624781
3484.0,-8.664409114388006
3485.0,-8.470737913485008
3486.0,-8.660429700203693
3487.0,-8.46635035425615
3488.0,-8.655633995930287
3489.0,-8.461146504938197
3490.0,-8.650022001567791
3491.0,-8.455126365531157
3492.0,-8.643593717116206
3493.0,-8.448289936035025
3494.0,-8.648057803540917
3495.0,-8.453206808368531
3496.0,-8.653440216315857
3497.0,-8.459067516117546
3498.0,-8.65979197357159
3499.0,-8.46592307741264
3500.0,-8.655455432473298
3501.0,-8.47211540301035
3502.0,-8.660480718334261
3503.0,-8.4868468882119
3504.0,-8.684943911941685
3505.0,-8.531940538367818
3506.0,-8.715605808413141
3507.0,-8.58080315291946
3508.0,-8.77103700727543
3509.0,-8.664613186910278
3510.0,-8.848227438825033
3511.0,-8.757032530434472
3512.0,-8.932611426784744
3513.0,-8.855255186310794
3514.0,-9.009725331138496
3515.0,-8.954868086245096
3516.0,-9.096915316279455
3517.0,-9.07328116729376
3518.0,-9.199971940027106
3519.0,-9.193817878027323
3520.0,-9.314864770066569
3521.0,-9.325093905245478
3522.0,-9.4160337229832
3523.0,-9.439929339888051
3524.0,-9.509779537902165
3525.0,-9.545536870164112
3526.0,-9.604239606649084
3527.0,-9.650991346048466
3528.0,-9.674313008984432
3529.0,-9.72957202165605
3530.0,-9.726759647208485
3531.0,-9.788950748371052
3532.0,-9.758467415356586
3533.0,-9.815231462879968
3534.0,-9.756452199199142
3535.0,-9.818050214593857
3536.0,-9.729565644389732
3537.0,-9.794626515396756
3538.0,-9.675103790008237
3539.0,-9.731472447019716
3540.0,-9.580490666869615
3541.0,-9.638632203918334
3542.0,-9.466694726637366
3543.0,-9.504582065850535
3544.0,-9.289687322631188
3545.0,-9.328760833380064
3546.0,-9.0806660416935
3547.0,-9.109000235957781
3548.0,-8.827514077814365
3549.0,-8.82322217758032
3550.0,-8.509875196897095
3551.0,-8.474487746081767
3552.0,-8.13081048677578
3553.0,-8.065858029296214
3554.0,-7.693381035284511
3555.0,-7.6112545996024386
3556.0,-7.222381653879398
3557.0,-7.102929078420407
3558.0,-6.677508019411612
3559.0,-6.533133087170085
3560.0,-6.083554943337273
3561.0,-5.91578819823025
3562.0,-5.4435835134904655
3563.0,-5.2648159839796875
3564.0,-4.770679880361922
3565.0,-4.570758958464326
3566.0,-4.056247488950908
3567.0,-3.82586874310413
3568.0,-3.293373382565441
3569.0,-3.045776017651914
3570.0,-2.4968273100049982
3571.0,-2.244402354486461
3572.0,-1.6796954217603095
3573.0,-1.4014297831090068
3574.0,-0.8233561001740015
3575.0,-0.5324889832723669
3576.0,0.057420905954447654
3577.0,0.35935895718936983
3578.0,0.9595745087909495
3579.0,1.2710529504421149
3580.0,1.8800436205014157
3581.0,2.1886714241070857
3582.0,2.7940334296297267
3583.0,3.119962756764319
3584.0,3.741848259324719
3585.0,4.072675326993852
3586.0,4.698693298130271
3587.0,5.032887562416903
3588.0,5.661507458212298
3589.0,5.997538375199381
3590.0,6.627229651736707
3591.0,6.963566677507201
3592.0,7.592798790869412
3593.0,7.92791138150627
3594.0,8.555153787776327
3595.0,8.887511399362504
3596.0,9.511233554623356
3597.0,9.839305643241813
3598.0,10.446268342611027
3599.0,10.756802948846682
3600.0,11.368854706740072
3601.0,11.683700345008734
3602.0,12.28758920201122
3603.0,12.593506667430457
3604.0,13.175993418659607
3605.0,13.459730751814345
3606.0,14.042663911685965
3607.0,14.315209142447314
3608.0,14.886172173434383
3609.0,15.145969248820018
3610.0,15.70340609794021
3611.0,15.959759449512495
3612.0,16.489569980930035
3613.0,16.7283794728532
3614.0,17.239868118130453
3615.0,17.459577697422166
3616.0,17.962897064542197
3617.0,18.162811609173474
3618.0,18.64557066967454
3619.0,18.824159635728336
3620.0,19.28482784569339
3621.0,19.440560689252653
3622.0,19.877607504764665
3623.0,20.008953681912356
3624.0,20.420848559054278
3625.0,20.515417041328647
3626.0,20.901464858071485
3627.0,20.9802687380003
3628.0,21.338078019473663
3629.0,21.387878092174493
3630.0,21.71591829446134
3631.0,21.735184016017136
3632.0,22.03192459520043
3633.0,22.01912542169415
3634.0,22.294744494822226
3635.0,22.24921081329016
3636.0,22.503051521931962
3637.0,22.424139228475685
3638.0,22.667278884230818
3639.0,22.555230314970533
3640.0,22.787936763024483
3641.0,22.643045272210948
3642.0,22.877346036845154
3643.0,22.70081692781305
3644.0,22.92624691499472
3645.0,22.71850108732124
3646.0,22.935506705692834
3647.0,22.697016077085728
3648.0,22.91780341438569
3649.0,22.649951851636615
3650.0,22.887651699219923
3651.0,22.58190004272503
3652.0,22.82801150458576
3653.0,22.508465821038506
3654.0,22.763728660069894
3655.0,22.42031924594939
3656.0,22.68641068319387
3657.0,22.320853023140472
3658.0,22.599526806836323
3659.0,22.20275242814154
3660.0,22.496674255610948
3661.0,22.093095333751638
3662.0,22.403311076671244
3663.0,21.983164016909924
3664.0,22.311657005105566
3665.0,21.87696340086601
3666.0,22.21408483039399
3667.0,21.76608187134247
3668.0,22.124803101899744
3669.0,21.654779442241743
3670.0,22.038123298064463
3671.0,21.55998775564613
3672.0,21.958483996247587
3673.0,21.48451280873688
3674.0,21.910475935382962
3675.0,21.420453168542252
3676.0,21.85369275606062
3677.0,21.37086992289634
3678.0,21.834662993358705
3679.0,21.34978668043905
3680.0,21.83491808401154
3681.0,21.34965913511263
3682.0,21.834407902705856
3683.0,21.34876631782769
3684.0,21.833132449441656
3685.0,21.33624774403953
3686.0,21.82106666156229
3687.0,21.32462198753631
3688.0,21.82157684286797
3689.0,21.337268106650896
3690.0,21.822954332393305
3691.0,21.327376966586993
3692.0,21.813490469172915
3693.0,21.329188110222166
3694.0,21.814867958698258
3695.0,21.330131945637675
3696.0,21.827086800969333
3697.0,21.33191758020756
3698.0,21.830147888803417
3699.0,21.347114605850543
3700.0,21.83407628485716
3701.0,21.350634856859745
3702.0,21.837188390821822
3703.0,21.353338817779857
3704.0,21.851192867662775
3705.0,21.367796080529605
3706.0,21.85440700988857
3707.0,21.370627586776138
3708.0,21.85685588015584
3709.0,21.372693821064146
3710.0,21.858539478464586
3711.0,21.373994783393634
3712.0,21.859457804814816
3713.0,21.3745304737646
3714.0,21.871319520171916
3715.0,21.386870484095773
3716.0,21.87244191904441
3717.0,21.38763575605429
3718.0,21.87285006408895
3719.0,21.38768677418486
3720.0,21.872543955305552
3721.0,21.387023538487473
3722.0,21.87152359269419
3723.0,21.385646048962137
3724.0,21.869788976254863
3725.0,21.38355430560884
3726.0,21.867340105987594
3727.0,21.3807483084276
3728.0,21.86417698189237
3729.0,21.377228057418392
3730.0,21.860299603969196
3731.0,21.37299355258124
3732.0,21.867416633183453
3733.0,21.380614385834853
3734.0,21.863845364043677
3735.0,21.37671149884639
3736.0,21.859610859206523
3737.0,21.372145376160542
3738.0,21.866421779637367
3739.0,21.379485609696033
3740.0,21.87430408081015
3741.0,21.38792273303874
3742.0,21.883308780855426
3743.0,21.397507764319233
3744.0,21.88177823693838
3745.0,21.39572212974934
3746.0,21.879737511715653
3747.0,21.39342631387378
3748.0,21.877186605187255
3749.0,21.39062031669253
3750.0,21.87412551735316
3751.0,21.387304138205604
3752.0,21.870554248213388
3753.0,21.383477778412992
3754.0,21.866472797767933
3755.0,21.3791412373147
3756.0,21.861881166016808
3757.0,21.374294514910723
3758.0,21.86848801392538
3759.0,21.381507203119796
3760.0,21.864610636002197
3761.0,21.37740024360906
3762.0,21.860274094903907
3763.0,21.37283412092321
3764.0,21.855478390630502
3765.0,21.36780883506225
3766.0,21.850223523181988
3767.0,21.362324386026174
3768.0,21.844509492558352
3769.0,21.35638077381498
3770.0,21.838336298759607
3771.0,21.34997799842868
3772.0,21.831703941785747
3773.0,21.343116059867267
3774.0,21.824612421636772
3775.0,21.335794958130737
3776.0,21.817061738312688
3777.0,21.328014693219096
3778.0,21.80905189181349
3779.0,21.31977526513234
3780.0,21.800582882139175
3781.0,21.31107667387047
3782.0,21.79165470928975
3783.0,21.30191891943349
3784.0,21.793976034230603
3785.0,21.304871593740124
3786.0,21.78586415147027
3787.0,21.296555638457516
3788.0,21.777344123665387
3789.0,21.27697105358567
3790.0,21.758390888159326
3791.0,21.269496897457433
3792.0,21.762395811408922
3793.0,21.274133170072815
3794.0,21.755967526957335
3795.0,21.267500813098955
3796.0,21.749131097461202
3797.0,21.260460311080553
3798.0,21.74188652292053
3799.0,21.253011664017603
3800.0,21.734233803335307
3801.0,21.24515487191011
3802.0,21.737881599670928
3803.0,21.249459526676794
3804.0,21.742855867401325
3805.0,21.25511616190354
3806.0,21.73749896369167
3807.0,21.24960620380218
3808.0,21.743544612163994
3809.0,21.256359728836138
3810.0,21.739310107326837
3811.0,21.251997678672563
3812.0,21.734820511836837
3813.0,21.247380537856145
3814.0,21.730075825694
3815.0,21.242508306386885
3816.0,21.725076048898323
3817.0,21.23738098426479
3818.0,21.731529842415192
3819.0,21.244568163408577
3820.0,21.73946316171854
3821.0,21.25326037740412
3822.0,21.73721836397354
3823.0,21.25093905246327
3824.0,21.746529172802227
3825.0,21.261034265049442
3826.0,21.745712882713136
3827.0,21.260166956829785
3828.0,21.744794556362912
3829.0,21.259197612348988
3830.0,21.755482854716938
3831.0,21.270695823525784
3832.0,21.756095072283756
3833.0,21.27128253202732
3834.0,21.756656271720004
3835.0,21.271818222398284
3836.0,21.75716645302569
3837.0,21.27230289463868
3838.0,21.757625616200798
3839.0,21.27273654874851
3840.0,21.758033761245343
3841.0,21.273119184727772
3842.0,21.758390888159326
3843.0,21.273450802576466
3844.0,21.75869699694273
3845.0,21.27373140229459
3846.0,21.758952087595574
3847.0,21.273960983882148
3848.0,21.759156160117847
3849.0,21.274139547339136
3850.0,21.75930921450955
3851.0,21.274267092665557
3852.0,21.75941125077069
3853.0,21.274343619861412
3854.0,21.759462268901252
3855.0,21.274369128926693
3856.0,21.759462268901252
3857.0,21.274343619861412
3858.0,21.75941125077069
3859.0,21.274267092665557
3860.0,21.75930921450955
3861.0,21.274139547339136
3862.0,21.759156160117847
3863.0,21.273960983882148
3864.0,21.758952087595574
3865.0,21.27373140229459
3866.0,21.75869699694273
3867.0,21.273450802576466
3868.0,21.758390888159326
3869.0,21.273119184727772
3870.0,21.758033761245343
3871.0,21.27273654874851
3872.0,21.757625616200798
3873.0,21.27230289463868
3874.0,21.75716645302569
3875.0,21.271818222398284
3876.0,21.756656271720004
3877.0,21.27128253202732
3878.0,21.756095072283756
3879.0,21.270695823525784
3880.0,21.755482854716938
3881.0,21.270058096893685
3882.0,21.75481961901955
3883.0,21.28022983667571
3884.0,21.764130427848237
3885.0,21.277831984539006
3886.0,21.761732575711534
3887.0,21.275434132402303
3888.0,21.75933472357483
3889.0,21.2730362802656
3890.0,21.75693687143813
3891.0,21.270638428128898
3892.0,21.754539019301426
3893.0,21.268240575992195
3894.0,21.752141167164723
3895.0,21.265842723855492
3896.0,21.74974331502802
3897.0,21.26344487171879
3898.0,21.747345462891317
3899.0,21.261047019582087
3900.0,21.744947610754615
3901.0,21.258649167445384
3902.0,21.742549758617912
3903.0,21.25625131530868
3904.0,21.74015190648121
3905.0,21.264713947716672
3906.0,21.74777911700115
3907.0,21.260658006336502
3908.0,21.743748684686267
3909.0,21.256653083086903
3910.0,21.739769270501952
3911.0,21.252699177967873
3912.0,21.7358408744482
3913.0,21.24879629097941
3914.0,21.731963496525026
3915.0,21.244944422121517
3916.0,21.728137136732414
3917.0,21.241143571394186
3918.0,21.724361795070372
3919.0,21.23739373879743
3920.0,21.720637471538893
3921.0,21.23369492433124
3922.0,21.72867282710338
3923.0,21.253477204459035
3924.0,21.736810218928994
3925.0,21.24998246251512
3926.0,21.733392004180935
3927.0,21.246640774962906
3928.0,21.73012684382457
3929.0,21.243452141802397
3930.0,21.72701473785991
3931.0,21.24041656303359
3932.0,21.72405568628696
3933.0,21.23753403865649
3934.0,21.72124968910571
3935.0,21.245665053215788
3936.0,21.72862180897281
3937.0,21.24143054837863
3938.0,21.724489340396794
3939.0,21.23740011606375
3940.0,21.720560944343042
3941.0,21.233573756271138
3942.0,21.71683662081157
3943.0,21.229951469000802
3944.0,21.71331636980237
3945.0,21.226533254252736
3946.0,21.710000191315437
3947.0,21.223319112026942
3948.0,21.706888085350784
3949.0,21.22030904232342
3950.0,21.7039800519084
3951.0,21.217503045142173
3952.0,21.701276090988287
3953.0,21.214901120483198
3954.0,21.698776202590444
3955.0,21.212503268346495
3956.0,21.696480386714875
3957.0,21.210309488732065
3958.0,21.694388643361584
3959.0,21.208319781639908
3960.0,21.692500972530567
3961.0,21.206534147070023
3962.0,21.690817374221815
3963.0,21.204952585022408
3964.0,21.689337848435336
3965.0,21.20357509549707
3966.0,21.688062395171137
3967.0,21.202401678494002
3968.0,21.686991014429204
3969.0,21.20143233401321
3970.0,21.686123706209546
3971.0,21.200667062054684
3972.0,21.68546047051216
3973.0,21.200105862618436
3974.0,21.685001307337046
3975.0,21.19974873570446
3976.0,21.684746216684204
3977.0,21.199595681312754
3978.0,21.68469519855364
3979.0,21.19964669944332
3980.0,21.684848252945343
3981.0,21.210762274640857
3982.0,21.695230442515957
3983.0,21.209563348572505
3984.0,21.69415906177403
3985.0,21.208619513156997
3986.0,21.69334277168494
3987.0,21.207930768394327
3988.0,21.692781572248688
3989.0,21.207497114284493
3990.0,21.692475463465282
3991.0,21.20731855082751
3992.0,21.692424445334716
3993.0,21.20739507802336
3994.0,21.69262851785699
3995.0,21.20772669587205
3996.0,21.693087681032097
3997.0,21.21917388891828
3998.0,21.703826997516693
3999.0,21.229218083373883
4000.0,21.713188824475946
4001.0,21.227049812824735
4002.0,21.711199117383792
4003.0,21.22523866918957
4004.0,21.70956653720561
4005.0,21.223784652468375
4006.0,21.708291083941404
4007.0,21.222687762661163
4008.0,21.707372757591173
4009.0,21.221947999767924
4010.0,21.706811558154925
4011.0,21.22156536378866
4012.0,21.70660748563266
4013.0,21.22153985472338
4014.0,21.706760540024362
4015.0,21.22187147257207
4016.0,21.69556206036465
4017.0,21.20999062541601
4018.0,21.69469475214499
4019.0,21.220136856132754
4020.0,21.704158615365387
4021.0,21.218070621844742
4022.0,21.702270944534362
4023.0,21.227221999015406
4024.0,21.710765463273958
4025.0,21.224211929311885
4026.0,21.70795946609271
4027.0,21.22161000465291
4028.0,21.705561613956007
4029.0,21.230276709583173
4030.0,21.713596969520488
4031.0,21.22683298576982
4032.0,21.710382827294694
4033.0,21.223848425131585
4034.0,21.707627848244016
4035.0,21.22132302766846
4036.0,21.705332032368453
4037.0,21.219256793380453
4038.0,21.69178671870261
4039.0,21.20508013034883
4040.0,21.688674612737955
4041.0,21.202172096906448
4042.0,21.68597065181784
4043.0,21.199672208508606
4044.0,21.683674835942277
4045.0,21.197580465155312
4046.0,21.681787165111253
4047.0,21.195896866846564
4048.0,21.680307639324777
4049.0,21.19462141358236
4050.0,21.679236258582847
4051.0,21.1937541053627
4052.0,21.67857302288546
4053.0,21.19329494218759
4054.0,21.678317932232616
4055.0,21.19324392405702
4056.0,21.666762325658937
4057.0,21.18103145905227
4058.0,21.66558890865587
4059.0,21.180036605506192
4060.0,21.66477261856678
4061.0,21.190259363418786
4062.0,21.674338518048305
4063.0,21.188320674457195
4064.0,21.672603901608987
4065.0,21.18679013054015
4066.0,21.671277430214218
4067.0,21.18566773166765
4068.0,21.658650442898598
4069.0,21.17238388592097
4070.0,21.656405645153598
4071.0,21.181178136177653
4072.0,21.664543036979218
4073.0,21.177810939560153
4074.0,21.661379912883994
4075.0,21.174851887987202
4076.0,21.658624933833316
4077.0,21.172300981458797
4078.0,21.656278099827176
4079.0,21.170158219974937
4080.0,21.65433941086559
4081.0,21.16842360353562
4082.0,21.652808866948547
4083.0,21.17795761668554
4084.0,21.66171153073269
4085.0,21.17538120109185
4086.0,21.659364696726556
4087.0,21.184124433217967
4088.0,21.667502088552173
4089.0,21.180808254731037
4090.0,21.66444100071808
4091.0,21.17800225754979
4092.0,21.66189009418968
4093.0,21.175706441674222
4094.0,21.659849368966952
4095.0,21.173920807104338
4096.0,21.658318825049907
4097.0,21.17264535384013
4098.0,21.657298462438547
4099.0,21.182740566426304
4100.0,21.6668133437895
4101.0,21.180827386529998
4102.0,21.665180763611318
4103.0,21.190335890614637
4104.0,21.67413444552603
4105.0,21.187887020347365
4106.0,21.67199168404217
4107.0,21.196910852191603
4108.0,21.680486202781765
4109.0,21.194028327814504
4110.0,21.677935296253352
4111.0,21.191809039134792
4112.0,21.676047625422335
4113.0,21.201113470697155
4114.0,21.673139591979954
4115.0,21.18599297225002
4116.0,21.669211195926202
4117.0,21.193256678589663
4118.0,21.675971098226483
4119.0,21.18866504683853
4120.0,21.671736593389326
4121.0,21.195648153460045
4122.0,21.678241405036765
4123.0,21.190826940121354
4124.0,21.673802827677342
4125.0,21.197631483285882
4126.0,21.680154584933074
4127.0,21.19268272462077
4128.0,21.675613971312508
4129.0,21.199410740589446
4130.0,21.670206049472284
4131.0,21.181866880940326
4132.0,21.65222215844701
4133.0,21.16343020400626
4134.0,21.645028602036902
4135.0,21.156619283575413
4136.0,21.63860031758532
4137.0,21.150573635103086
4138.0,21.632937305092256
4139.0,21.156153743133977
4140.0,21.638064627214355
4141.0,21.16084103387993
4142.0,21.642324641116794
4143.0,21.153826040926806
4144.0,21.635743302273504
4145.0,21.15853884073804
4146.0,21.640054334306512
4147.0,21.162460859525467
4148.0,21.643600094380997
4149.0,21.15478263087496
4150.0,21.63640653797089
4151.0,21.14807374670525
4152.0,21.618473665076184
4153.0,21.1406250996423
4154.0,21.62150924384499
4155.0,21.14329717423081
4156.0,21.612121907820452
4157.0,21.12185042759322
4158.0,21.602020317967956
4159.0,21.12309399452582
4160.0,21.602913135252905
4161.0,21.12364881669575
4162.0,21.59143405587507
4163.0,21.100135835770157
4164.0,21.57929174079985
4165.0,21.099364186545312
4166.0,21.578194850992638
4167.0,21.097954810688368
4168.0,21.576485743618605
4169.0,21.095958726329886
4170.0,21.574215436808323
4171.0,21.082566467055752
4172.0,21.561409886035715
4173.0,21.081208109329374
4174.0,21.55980281492282
4175.0,21.0793650793626
4176.0,21.55773658063481
4177.0,21.066227910741304
4178.0,21.54523713864561
4179.0,21.065226679928905
4180.0,21.544038212577263
4181.0,21.063842813137246
4182.0,21.542482159594936
4183.0,21.062127328496885
4184.0,21.540619997829197
4185.0,21.0709917286831
4186.0,21.548527808067263
4187.0,21.077968458038296
4188.0,21.554598965604868
4189.0,21.0940200373683
4190.0,21.568960569359803
4191.0,21.11759041369078
4192.0,21.590082075415015
4193.0,21.147174552153984
4194.0,21.604775297018637
4195.0,21.16874884411799
4196.0,21.63329443200623
4197.0,21.193428864780333
4198.0,21.654211865539168
4199.0,21.221520722924414
4200.0,21.6778587690575
4201.0,21.251672438090186
4202.0,21.702908671166462
4203.0,21.282583047948158
4204.0,21.716377457636455
4205.0,21.289572531835997
4206.0,21.728698336168662
4207.0,21.318200080351048
4208.0,21.750355532594845
4209.0,21.333027224547415
4210.0,21.758492924420462
4211.0,21.345475648406044
4212.0,21.763696773738406
4213.0,21.34358797757502
4214.0,21.75487063715012
4215.0,21.338836914165864
4216.0,21.730943133913662
4217.0,21.3067465100385
4218.0,21.70255154425249
4219.0,21.293080028312556
4220.0,21.66867550555524
4221.0,21.250033480645687
4222.0,21.628345673341123
4223.0,21.212611681873952
4224.0,21.582327319568655
4225.0,21.169061330167718
4226.0,21.52975313601818
4227.0,21.107680141827917
4228.0,21.459781769943973
4229.0,21.029335425074215
4230.0,21.37328052956568
4231.0,20.94575497267095
4232.0,21.269433124794222
4233.0,20.832717927130904
4234.0,21.159131926505896
4235.0,20.725382157681853
4236.0,21.031586600085532
4237.0,20.59957782496713
4238.0,20.90776559719665
4239.0,20.46713475801222
4240.0,20.755246895863174
4241.0,20.316503727509772
4242.0,20.606758626844595
4243.0,20.159565580615844
4244.0,20.441638447260793
4245.0,19.986531213527655
4246.0,20.24924907688832
4247.0,19.79676289961312
4248.0,20.062369664617204
4249.0,19.602192504158864
4250.0,19.84868022473253
4251.0,19.391372834118645
4252.0,19.641010924254896
4253.0,19.176286772909666
4254.0,19.407092795599954
4255.0,18.945538145616275
4256.0,19.179807023918876
4257.0,18.711160853786215
4258.0,18.926935659757866
4259.0,18.46180974063441
4260.0,18.681410906398664
4261.0,18.20956972583918
4262.0,18.41106583251807
4263.0,17.932286186201317
4264.0,18.138858596871735
4265.0,17.654613633317865
4266.0,17.856039590067223
4267.0,17.366967035908345
4268.0,17.563884265368745
4269.0,17.08148233178165
4270.0,17.273693138697137
4271.0,16.79777688495852
4272.0,16.97340042217304
4273.0,16.49208900112684
4274.0,16.662648988882466
4275.0,16.187466120770768
4276.0,16.364499033842232
4277.0,15.885285733415646
4278.0,16.04693668012081
4279.0,15.563546270253964
4280.0,15.721364479900197
4281.0,15.234485705355754
4282.0,15.400868583671114
4283.0,14.922911604709771
4284.0,15.086877499089466
4285.0,14.606873417639077
4286.0,14.757453430010957
4287.0,14.275281078011421
4288.0,14.424049946748132
4289.0,13.951284062572096
4290.0,14.109829280578927
4291.0,13.636361897107578
4292.0,13.782879590832973
4293.0,13.3086150490715
4294.0,13.454705465953383
4295.0,12.98038352879502
4296.0,13.13849509269202
4297.0,12.67657693852804
4298.0,12.824070354000547
4299.0,12.362777171936024
4300.0,12.511278195487256
4301.0,12.051375257480709
4302.0,12.201649161069183
4303.0,11.75476222362384
4304.0,11.918447518285411
4305.0,11.474519632413022
4306.0,11.6298634627267
4307.0,11.19971047210771
4308.0,11.357528681753944
4309.0,10.919397730967361
4310.0,11.093050692888681
4311.0,10.660302154877037
4312.0,10.828037013652452
4313.0,10.411486732096193
4314.0,10.584119331406157
4315.0,10.172874935428984
4316.0,10.351221565362575
4317.0,9.946099345053579
4318.0,10.119267634734506
4319.0,9.720222949229438
4320.0,9.899864164226198
4321.0,9.50768779454887
4322.0,9.68288405491988
4323.0,9.297505851140759
4324.0,9.468174252423843
4325.0,9.100359040092805
4326.0,9.265555746872458
4327.0,8.903499206029299
4328.0,9.06311580477806
4329.0,8.70669676736268
4330.0,8.872307996453198
4331.0,8.533101200838246
4332.0,8.692877231245033
4333.0,8.35905284840502
4334.0,8.512859757535335
4335.0,8.184271110344877
4336.0,8.331949466540694
4337.0,8.008424368809125
4338.0,8.161497892312521
4339.0,7.843699579737227
4340.0,7.979414184314814
4341.0,7.666284030686503
4342.0,7.806972902994484
4343.0,7.499123125879978
4344.0,7.633689822519781
4345.0,7.341732193077253
4346.0,7.480788485207051
4347.0,7.193626560037928
4348.0,7.326076004259153
4349.0,7.043461069976916
4350.0,7.1807508593357925
4351.0,6.903269624441976
4352.0,7.0225691455092605
4353.0,6.749086456598721
4354.0,6.872652368834767
4355.0,6.614564400823165
4356.0,6.730388311745496
4357.0,6.4756866721503545
4358.0,6.58345609570924
4359.0,6.331815543948188
4360.0,6.442901145994001
4361.0,6.194831863372717
4362.0,6.309743825211143
4363.0,6.065755993035312
4364.0,6.17329583500664
4365.0,5.933038703628605
4366.0,6.044551582517927
4367.0,5.808509824178086
4368.0,5.91277175126041
4369.0,5.691429591790515
4370.0,5.787216131932205
4371.0,5.557628167109235
4372.0,5.657094389918152
4373.0,5.442263419362016
4374.0,5.533298896094549
4375.0,5.3211144910616355
4376.0,5.4150133603723045
4377.0,5.205909174972444
4378.0,5.303105090971081
4379.0,5.0975147793141
4380.0,5.186732735145142
4381.0,4.984229020387534
4382.0,5.076737645640222
4383.0,4.888589157371227
4384.0,4.972252514236662
4385.0,4.775462830102686
4386.0,4.862384970058162
4387.0,4.679905871548552
4388.0,4.757925347719886
4389.0,4.57759538796046
4390.0,4.657955320871608
4391.0,4.480157135841624
4392.0,4.551531500506458
4393.0,4.375786795231841
4394.0,4.449393203109032
4395.0,4.27605910450376
4396.0,4.352254682507284
4397.0,4.192548802030029
4398.0,4.27085525518581
4399.0,4.113451567850442
4400.0,4.194251532137741
4401.0,4.039532673923521
4402.0,4.11150012435621
4403.0,3.958987800289062
4404.0,4.021631687360423
4405.0,3.8708220934009874
4406.0,3.9353345195044067
4407.0,3.7974197580460696
4408.0,3.8515882581767973
4409.0,3.7034953796701147
4410.0,3.759347478109592
4411.0,3.6239517368480567
4412.0,3.680958120491637
4413.0,3.5468824733585533
4414.0,3.6053747600549304
4415.0,3.472950824898991
4416.0,3.521551971531469
4417.0,3.3902504352480287
4418.0,3.4401270351447106
4419.0,3.310254006517177
4420.0,3.3617121684614726
4421.0,3.244434240817949
4422.0,3.285235990739823
4423.0,3.1574547054655837
4424.0,3.1996020585811924
4425.0,3.084167160904444
4426.0,3.127105295043859
4427.0,3.0126142327826213
4428.0,3.0566492567292514
4429.0,2.9434081386669333
4430.0,2.9771375002387974
4431.0,2.86459150420547
4432.0,2.8991562876653885
4433.0,2.7875860133791774
4434.0,2.823266818445273
4435.0,2.7238133501689963
4436.0,2.748346693705953
4437.0,2.6487465483042927
4438.0,2.6732735145749276
4439.0,2.573807291766009
4440.0,2.5868998195230586
4441.0,2.4978476726163623
4442.0,2.521494576134697
4443.0,2.4322893748362966
4444.0,2.455936278354631
4445.0,2.3668841314479354
4446.0,2.3791284827842896
4447.0,2.3005350526440633
4448.0,2.311682514173203
4449.0,2.2321452486174653
4450.0,2.2425019291227986
4451.0,2.162326936934959
4452.0,2.1721989451998955
4453.0,2.1025528197080563
4454.0,2.111410842627951
4455.0,2.0409165407154166
4456.0,2.049092196138962
4457.0,1.9889418201991194
4458.0,1.9842226431215664
4459.0,1.922203728149665
4460.0,1.9157818209644004
4461.0,1.8739469538985214
4462.0,1.8644830906781307
4463.0,1.819797585566757
4464.0,1.7959657413251124
4465.0,1.7479513031941671
4466.0,1.7209690893899399
4467.0,1.6808433296980938
4468.0,1.650232451357207
4469.0,1.617529829663026
4470.0,1.582837500876688
4471.0,1.546257501259328
4472.0,1.5078918670720833
4473.0,1.4787031191207838
4474.0,1.436236902689124
4475.0,1.4031643995483245
4476.0,1.3570312549820795
4477.0,1.320508650761609
4478.0,1.259433571205219
4479.0,1.2298940736062631
4480.0,1.1643102667609133
4481.0,1.141339353472606
4482.0,1.0708450515600725
4483.0,1.0431932247921378
4484.0,0.9682475909875334
4485.0,0.9472344984597784
4486.0,0.8674612740501635
4487.0,0.8418629270375968
4488.0,0.7460381232979791
4489.0,0.7154782630876605
4490.0,0.6149215277378476
4491.0,0.5907198020495837
4492.0,0.4850548763766352
4493.0,0.46684778103012836
4494.0,0.35572391538638837
4495.0,0.332312970721931
4496.0,0.21624034641308088
4497.0,0.18813573373635417
4498.0,0.06762453206807553
4499.0,0.046196917229454765
4500.0,-0.07907810238062443
4501.0,-0.10500168997556295
4502.0,-0.24621349812186635
4503.0,-0.27695829905549474
4504.0,-0.4110275689222577
4505.0,-0.43436198639086304
4506.0,-0.5841575950052567
4507.0,-0.612090021491316
4508.0,-0.7662157939376809
4509.0,-0.7982105390702284
4510.0,-0.9561307849775995
4511.0,-0.99165215838567
4512.0,-1.1528311873830808
4513.0,-1.191343498695709
4514.0,-1.355245620412195
4515.0,-1.3853526947137211
4516.0,-1.5639863016317588
4517.0,-1.5976965314046603
4518.0,-1.7679567876432012
4519.0,-1.8038735515631754
4520.0,-1.9877684031960527
4521.0,-2.026191432780186
4522.0,-2.212324704891741
4523.0,-2.2527183097690697
4524.0,-2.440554311988336
4525.0,-2.4823828017878937
4526.0,-2.671385843743906
4527.0,-2.714113528094728
4528.0,-2.903747919416521
4529.0,-2.9359786234029466
4530.0,-3.1382527565729985
4531.0,-3.171994872677505
4532.0,-3.3755125727801554
4533.0,-3.4102304106317773
4534.0,-3.614455987296061
4535.0,-3.649613856523834
4536.0,-3.8540116193787846
4537.0,-3.889073829611741
4538.0,-4.093108088286394
4539.0,-4.12753894915357
4540.0,-4.342382674242349
4541.0,-4.376507426326116
4542.0,-4.579081291013257
4543.0,-4.611528822054596
4544.0,-4.823866281479214
4545.0,-4.854961832060498
4546.0,-5.065692220372219
4547.0,-5.094925609187766
4548.0,-5.303538745080909
4549.0,-5.3303997908250365
4550.0,-5.536385492993922
4551.0,-5.56036401436095
4552.0,-5.763212101499893
4553.0,-5.772937432639447
4554.0,-5.984681806296209
4555.0,-6.0030483333007405
4556.0,-6.199774244771506
4557.0,-6.2137277034818945
4558.0,-6.417494116971064
4559.0,-6.427385257034963
4560.0,-6.626847015757446
4561.0,-6.621330680389766
4562.0,-6.816838533993217
4563.0,-6.807113202853664
4564.0,-6.998156970032403
4565.0,-6.983712461815297
4566.0,-7.169781961263642
4567.0,-7.160968579207995
4568.0,-7.3524268686976
4569.0,-7.3270517260062675
4570.0,-7.51341457970538
4571.0,-7.482701665103355
4572.0,-7.663484410771577
4573.0,-7.626949052018463
4574.0,-7.813375678380785
4575.0,-7.782254618734216
4576.0,-7.96217005618278
4577.0,-7.913460496022843
4578.0,-8.087266512335871
4579.0,-8.032217949452843
4580.0,-8.211164042420611
4581.0,-8.161038729137408
4582.0,-8.332995338217339
4583.0,-8.27567646852403
4584.0,-8.44023544867158
4585.0,-8.364454392978923
4586.0,-8.53375168200299
4587.0,-8.45164437811988
4588.0,-8.614411346431227
4589.0,-8.525569649313123
4590.0,-8.693106812832587
4591.0,-8.597983508388284
4592.0,-8.759047746591914
4593.0,-8.657260198842145
4594.0,-8.834886197681463
4595.0,-8.727773632553642
4596.0,-8.899908805090563
4597.0,-8.787139604735998
4598.0,-8.953452333121831
4599.0,-8.834694879691831
4600.0,-9.00656220704327
4601.0,-8.882345813642479
4602.0,-9.06030980759681
4603.0,-8.931189296395157
4604.0,-9.104108872689562
4605.0,-8.980664128513615
4606.0,-9.159131926507307
4607.0,-9.030260128692174
4608.0,-9.203186082252898
4609.0,-9.057797164666328
4610.0,-9.225787114094588
4611.0,-9.075334647049129
4612.0,-9.249842162657467
4613.0,-9.094931986453618
4614.0,-9.276575663075175
4615.0,-9.117839127078714
4616.0,-9.295554407646526
4617.0,-9.132787439335182
4618.0,-9.31807891229236
4619.0,-9.151938370097199
4620.0,-9.333766987442065
4621.0,-9.164074307906096
4622.0,-9.342261506181663
4623.0,-9.168838125847897
4624.0,-9.354914002562563
4625.0,-9.17844228892735
4626.0,-9.373101966110106
4627.0,-9.194289795735079
4628.0,-9.386545243514812
4629.0,-9.205265071073553
4630.0,-9.39498874412384
4631.0,-9.22197350883462
4632.0,-9.419911100906377
4633.0,-9.233350551951316
4634.0,-9.429400473192052
4635.0,-9.251761719820093
4636.0,-9.444986512080622
4637.0,-9.253623881585833
4638.0,-9.456491100523738
4639.0,-9.263872148563706
4640.0,-9.465444782438444
4641.0,-9.271492981817325
4642.0,-9.471694503433046
4643.0,-9.276333326954978
4644.0,-9.475087209115825
4645.0,-9.278240129584963
4646.0,-9.475469845095088
4647.0,-9.277060335315575
4648.0,-9.484398017944512
4649.0,-9.296070966218528
4650.0,-9.501769691402965
4651.0,-9.300930443155144
4652.0,-9.50580012371785
4653.0,-9.304106321783012
4654.0,-9.508095939593417
4655.0,-9.305496565840995
4656.0,-9.508555102768529
4657.0,-9.304999139067954
4658.0,-9.507075576982054
4659.0,-9.31337248974745
4660.0,-9.513580388629492
4661.0,-9.307135523285496
4662.0,-9.517993456923636
4663.0,-9.322185871803098
4664.0,-9.531972424699307
4665.0,-9.324232974292146
4666.0,-9.533783568334478
4667.0,-9.325795404540795
4668.0,-9.535084530663966
4669.0,-9.326822144418477
4670.0,-9.535824293557202
4671.0,-9.327262175794628
4672.0,-9.535951838883623
4673.0,-9.327064480538676
4674.0,-9.535416148512656
4675.0,-9.326178040520055
4676.0,-9.534166204313738
4677.0,-9.324551837608198
4678.0,-9.532150988156296
4679.0,-9.332995338217225
4680.0,-9.539344544566404
4681.0,-9.328078465883719
4682.0,-9.534013149922032
4683.0,-9.32231979439584
4684.0,-9.527814447058004
4685.0,-9.315668305623019
4686.0,-9.532406078809137
4687.0,-9.32064257335341
4688.0,-9.526054321553403
4689.0,-9.324673005668295
4690.0,-9.528758282473515
4691.0,-9.326050495193636
4692.0,-9.528809300604083
4693.0,-9.313914557384738
4694.0,-9.527890974253854
4695.0,-9.313353357948488
4696.0,-9.527686901731585
4697.0,-9.313506412340192
4698.0,-9.528197083037265
4699.0,-9.314373720559848
4700.0,-9.51771285720551
4701.0,-9.303385690688737
4702.0,-9.517916929727784
4703.0,-9.314781865604395
4704.0,-9.528809300604083
4705.0,-9.325183186973977
4706.0,-9.538732326999588
4707.0,-9.334640672928048
4708.0,-9.536028366079476
4709.0,-9.319775265133755
4710.0,-9.532406078809137
4711.0,-9.316535613842674
4712.0,-9.52954906349732
4713.0,-9.31406123451012
4714.0,-9.515748659178637
4715.0,-9.299782535217359
4716.0,-9.500978910379159
4717.0,-9.284508982378524
4718.0,-9.49689745993371
4719.0,-9.280759149781765
4720.0,-9.493479245185643
4721.0,-9.277672552882393
4722.0,-9.490724266134961
4723.0,-9.275249191680405
4724.0,-9.48863252278167
4725.0,-9.273489066175804
4726.0,-9.487204015125759
4727.0,-9.283252660913282
4728.0,-9.496463805823877
4729.0,-9.281160917559989
4730.0,-9.494729189384563
4731.0,-9.27978342803465
4732.0,-9.493708826773199
4733.0,-9.279120192337265
4734.0,-9.49340271798979
4735.0,-9.279171210467831
4736.0,-9.493810863034335
4737.0,-9.279936482426352
4738.0,-9.483224600941446
4739.0,-9.268846416294101
4740.0,-9.471617976237194
4741.0,-9.256710478485205
4742.0,-9.470648631756397
4743.0,-9.256047242787819
4744.0,-9.47029150484242
4745.0,-9.25599622465725
4746.0,-9.47054659549526
4747.0,-9.267417908638194
4748.0,-9.48143896637156
4749.0,-9.277793720942494
4750.0,-9.491310974636496
4751.0,-9.276314195156017
4752.0,-9.490188575763998
4753.0,-9.275548923197492
4754.0,-9.48978043071945
4755.0,-9.286358389611618
4756.0,-9.500111602159503
4757.0,-9.296224020610232
4758.0,-9.509524447249323
4759.0,-9.294336349779211
4760.0,-9.508044921462847
4761.0,-9.293264969037281
4762.0,-9.507381685765463
4763.0,-9.303870362929134
4764.0,-9.505851141848417
4765.0,-9.290203881203192
4766.0,-9.503453289711715
4767.0,-9.299074658655728
4768.0,-9.500188129355353
4769.0,-9.28367356049047
4770.0,-9.496055660779334
4771.0,-9.279949236958993
4772.0,-9.492739482292405
4773.0,-9.27704120351661
4774.0,-9.490239593894566
4775.0,-9.274949460163318
4776.0,-9.488555995585818
4777.0,-9.273674006899116
4778.0,-9.487688687366159
4779.0,-9.273214843724
4780.0,-9.48763766923559
4781.0,-9.273571970637978
4782.0,-9.476694280228722
4783.0,-9.262175795722317
4784.0,-9.47654122583702
4785.0,-9.273265861854568
4786.0,-9.487178506060477
4787.0,-9.283463110701877
4788.0,-9.496948478064278
4789.0,-9.29281856039481
4790.0,-9.505902159978985
4791.0,-9.301383229063937
4792.0,-9.502381908969783
4793.0,-9.285778058376406
4794.0,-9.498096386002059
4795.0,-9.281951698583795
4796.0,-9.483020528419173
4797.0,-9.277334557767377
4798.0,-9.488862104369225
4799.0,-9.271926635927155
4800.0,-9.483913345704115
4801.0,-9.278297524981852
4802.0,-9.489907976045872
4803.0,-9.283928651143311
4804.0,-9.495188352559676
4805.0,-9.2888710325421
4806.0,-9.499805493376092
4807.0,-9.282315202764094
4808.0,-9.493785353969052
4809.0,-9.276830753728019
4810.0,-9.488836595303942
4811.0,-9.283278169978567
4812.0,-9.483275619072012
4813.0,-9.26570880126416
4814.0,-9.477102425273268
4815.0,-9.260071297836381
4816.0,-9.472000612216453
4817.0,-9.255505175150534
4818.0,-9.46797017990157
4819.0,-9.252010433206616
4820.0,-9.465011128328618
4821.0,-9.249587072004626
4822.0,-9.451414796532209
4823.0,-9.246525984170539
4824.0,-9.447180291695052
4825.0,-9.230257577785622
4826.0,-9.44228255116051
4827.0,-9.236730503101455
4828.0,-9.44843023589397
4829.0,-9.242565701785187
4830.0,-9.453965703060613
4831.0,-9.236953707422689
4832.0,-9.448914908134366
4833.0,-9.243324596477388
4834.0,-9.455011574737263
4835.0,-9.238299310616425
4836.0,-9.438864336412443
4837.0,-9.221877849839805
4838.0,-9.422155898651377
4839.0,-9.20486968056165
4840.0,-9.404835243323493
4841.0,-9.187223784651392
4842.0,-9.398560013263609
4843.0,-9.181458735897191
4844.0,-9.393305145815091
4845.0,-9.176714049754356
4846.0,-9.389070640977936
4847.0,-9.183850210767574
4848.0,-9.395881561408782
4849.0,-9.179488160603997
4850.0,-9.392055201616172
4851.0,-9.187057975727045
4852.0,-9.399325285222133
4853.0,-9.183180597803865
4854.0,-9.396009106735201
4855.0,-9.180425618753185
4856.0,-9.393815327120773
4857.0,-9.178793038575005
4858.0,-9.39274394637884
4859.0,-9.178282857269323
4860.0,-9.38108630354402
4861.0,-9.166325482917415
4862.0,-9.38052510410777
4863.0,-9.166299973852132
4864.0,-9.381035285413452
4865.0,-9.17820633007347
4866.0,-9.392641910117703
4867.0,-9.189525977793279
4868.0,-9.40368733538571
4869.0,-9.189449450597428
4870.0,-9.404197516691388
4871.0,-9.201406824949336
4872.0,-9.415906177656778
4873.0,-9.202019042516154
4874.0,-9.417130612790414
4875.0,-9.203855695216609
4876.0,-9.419579483057685
4877.0,-9.217777267595391
4878.0,-9.433277851115232
4879.0,-9.22040470131965
4880.0,-9.424834350506202
4881.0,-9.222598480934078
4882.0,-9.425956749378704
4883.0,-9.211789014519955
4884.0,-9.42661998507609
4885.0,-9.213064467784156
4886.0,-9.42850765590711
4887.0,-9.215564356181996
4888.0,-9.41991110090638
4889.0,-9.206719087794745
4890.0,-9.410804364599963
4891.0,-9.197338129036527
4892.0,-9.412845089822687
4893.0,-9.199940053695501
4894.0,-9.416008213917918
4895.0,-9.203664377226977
4896.0,-9.408585075920248
4897.0,-9.195941507712224
4898.0,-9.412258381321156
4899.0,-9.200150503484096
4900.0,-9.405294406498605
4901.0,-9.192861288079172
4902.0,-9.409375856944058
4903.0,-9.208313404374998
4904.0,-9.424502732657512
4905.0,-9.212267309494031
4906.0,-9.428992328147508
4907.0,-9.217292595354992
4908.0,-9.434553304379437
4909.0,-9.223389261957886
4910.0,-9.441185661353295
4911.0,-9.230557309302709
4912.0,-9.448889399069085
4913.0,-9.238796737389466
4914.0,-9.457664517526803
4915.0,-9.24810754621815
4916.0,-9.467511016726457
4917.0,-9.25848973578877
4918.0,-9.46672023570265
4919.0,-9.257373714182592
4920.0,-9.465266218981458
4921.0,-9.255568947813742
4922.0,-9.463097948432312
4923.0,-9.253024418551659
4924.0,-9.460164405924644
4925.0,-9.260549592810458
4926.0,-9.478148296949916
4927.0,-9.267283986045454
4928.0,-9.485341853360023
4929.0,-9.274936705630676
4930.0,-9.481745075154969
4931.0,-9.270938159647397
4932.0,-9.489040667826215
4933.0,-9.27866740642847
4934.0,-9.279154639960094
4935.0,-9.279868518693888
4936.0,-9.28081188645547
4937.0,-9.281987587069366
4938.0,-9.283398464360104
4939.0,-9.285047362152207
4940.0,-9.286937124270205
4941.0,-9.289070594538623
4942.0,-9.291450616781988
4943.0,-9.294080034824827
4944.0,-9.296961692491665
4945.0,-9.300098433607031
4946.0,-9.303493101995452
4947.0,-9.307148541481451
4948.0,-9.31106759588956
4949.0,-9.3152531090443
4950.0,-9.319707924770201
4951.0,-9.324434886891789
4952.0,-9.32943683923359
4953.0,-9.334716625620134
4954.0,-9.340277089875942
4955.0,-9.346121075825545
4956.0,-9.352251427293467
4957.0,-9.358670988104237
4958.0,-9.36538260208238
4959.0,-9.372389113052424
4960.0,-9.379693364838895
4961.0,-9.387298201266319
4962.0,-9.395206466159223
4963.0,-9.403421003342133
4964.0,-9.411944656639578
4965.0,-9.420780269876083
4966.0,-9.429930686876174
4967.0,-9.43939875146438
4968.0,-9.449187307465225
4969.0,-9.459299198703237
4970.0,-9.469737269002943
4971.0,-9.480504362188869
4972.0,-9.49160332208554
4973.0,-9.503036992517487
4974.0,-9.514808217309232
4975.0,-9.526919840285304
4976.0,-9.53937470527023
4977.0,-9.552175656088536
4978.0,-9.565325536564748
4979.0,-9.578827190523395
4980.0,-9.592683461789
4981.0,-9.606897194186093
4982.0,-9.621471231539198
4983.0,-9.636408417672843
4984.0,-9.651711596411557
4985.0,-9.667383611579861
4986.0,-9.683427307002288
4987.0,-9.69984552650336
4988.0,-9.716641113907606
4989.0,-9.73381691303955
4990.0,-9.751375767723724
4991.0,-9.769320521784648
4992.0,-9.787654019046853
4993.0,-9.806379103334866
4994.0,-9.82549861847321
4995.0,-9.845015408286415
4996.0,-9.864932316599006
4997.0,-9.88525218723551
4998.0,-9.905977864020453
4999.0,-9.927112190778365
